3 0000000000000000000
1 0000000000000000010
2 0000000000000000000
1 0000000000000001000
2 0000000000000000000
1 0000000000000001000
2 0000000000000000000
1 0000000000000001000
2 0000000000000000000
1 0000000000000001000
2 0000000000000000000
1 0000000000000001000
2 0000000000000000000
1 0000000000000001000
2 0000000000000000000
1 0000000000000001000
2 0000000000000000000
1 0000000000000001000
2 0000000000000000000
1 0000000000000001000
2 0000000000000000000
1 0000000000000001000
2 0000000000000000000
1 0000000000000001000
2 0000000000000000000
1 0000000000000001000
2 0000000000000000000
1 0000000000000001000
2 0000000000000000000
1 0000000000000001000
2 0000000000000000000
1 0000000000000001000
2 0000000000000000000
1 0000000000000001000
2 0000000000000000000
1 0000000000000001000
2 0000000000000000000
1 0000000000000001000
2 0000000000000000000
2000 0000000000000000000
