030 000000000000000001000000001
050 000000000000000000001001110
030 100010000111000010001001110
030 000000000000100000001001110
030 000000000000000100001001110
060 000000000000000001000000001
060 000000000000000000010101010
030 110010000111000010010101010
030 000000000000100000010101010
030 000000000000000100010101010
030 000000000000000001010101010
030 100000000111000010010101010
030 000000000000100000010101010
240 001010000011001000010101010
240 000000000111001000010101010
240 100000110000001000010101010
240 101000110100001000010101010
030 000000000000000001010101010
030 100100110111000010010101010
030 000000000000100000010101010
240 001010000011001000010101010
240 000000000111001000010101010
240 100000110000001000010101010
240 101000110100001000010101010
