MEM	1A1
1	C3	2	11
2	C7	23	13
3	C3	4	11
4	C7	3	13
5	C4	2	11
6	C6	7	13
7	C4	4	11
8	C1	10	11
9	C5	8	11
10	C1	17	11
11	C5	10	11
12	C2	10	9
13	CB2
14	C2	17	11
15	A1	X
16	C2	28	11
17	CB3
18	C2	27	11
19	C5	2	11
20	C1	2	9
21	C5	4	11
22	C1	1	9
23	C4	8	9
24	C2	26	11
25	C4	10	9
26	C6	21	11
27	C3	8	9
28	C7	5	11
29	C3	10	9
30	C7	25	13

1A8
1	C6	23	13
2	C3	22	13
3	C7	7	11
4	C3	24	11
5	C6	3	11
6	C4	16	1
7	C1	27	15
8	C4	18	11
9	C1	28	15
10	C5	16	11
11	C2	2	11
12	C5	18	11
13	C2	1	11
14	+6	BUS
15	C1	25	13
16	A8	X	2
17	C1	26	13
18	CB1
19	C2	25	13
20	C5	22	11
21	G9	24	25
22	C5	24	11
23	G9	1	23
24	C4	22	11
25	C7	21	9
26	C4	24	11
27	C6	25	11
28	C3	16	11
29	C6	5	9
30	C3	18	11

MEM	1A10
1	C10	2	11
2	C14	23	13
3	C10	4	11
4	C14	3	13
5	C11	2	11
6	C13	7	11
7	C11	4	11
8	C8	10	11
9	C12	8	11
10	C8	17	11
11	C12	10	11
12	C9	10	9
13	CB2
14	C9	17	11
15	A10	X	2
16	C9	28	11
17	CB3
18	C9	27	11
19	C12	2	9
20	C8	2	9
21	C12	4	9
22	C8	1	9
23	C11	8	9
24	C9	26	11
25	C11	10	9
26	C13	21	11
27	C10	8	9
28	C14	5	11
29	C10	10	9
30	C14	25	11

1A16
1	C13	23	13
2	C10	22	13
3	C14	7	11
4	C10	24	13
5	C13	3	11
6	C11	16	13
7	C8	27	15
8	C11	18	13
9	C8	28	15
10	C12	16	13
11	C9	2	13
12	C12	18	13
13	C9	1	13
14	+6	BUS
15	C8	25	15
16	A16	X	2
17	C8	26	15
18	CB1
19	C9	25	15
20	C12	22	13
21	G11	24	25
22	C12	24	13
23	G11	1	23
24	C11	22	13
25	C14	21	11
26	C11	24	13
27	C13	25	11
28	C10	16	13
29	C13	5	11
30	C10	18	13

MEM	1A18
1	C22	2	11
2	C26	23	15
3	C22	4	11
4	C26	3	13
5	C23	2	11
6	C25	7	13
7	C23	4	11
8	C20	10	11
9	C24	8	13
10	C20	17	11
11	C24	10	13
12	C21	10	11
13	CB2
14	C21	17	11
15	A18	X	2
16	C21	28	13
17	CB3
18	C21	27	13
19	C24	2	11
20	C20	2	9
21	C24	4	11
22	C20	1	9
23	C23	8	11
24	C21	26	11
25	C23	10	11
26	C25	21	13
27	C22	8	11
28	C26	5	13
29	C22	10	11
30	C26	25	13

1A25
1	C25	23	13
2	C22	22	13
3	C26	7	11
4	C22	24	13
5	C25	3	11
6	C23	16	11
7	C20	27	13
8	C23	18	11
9	C20	28	13
10	C24	16	11
11	C21	2	11
12	C24	18	11
13	C21	1	11
14	+6	BUS
15	C20	25	13
16	A25	X	2
17	C20	26	13
18	CB1
19	C21	25	13
20	C24	22	11
21	G13	24	27
22	C24	24	11
23	G13	1	25
24	C23	22	11
25	C26	21	11
26	C23	24	11
27	C25	25	11
28	C22	16	11
29	C25	5	9
30	C22	18	11

MEM	1A26
1	C31	2	11
2	C35	23	15
3	C31	4	11
4	C35	3	15
5	C32	2	11
6	C34	7	13
7	C32	4	11
8	C29	10	11
9	C33	8	13
10	C29	17	11
11	C33	10	13
12	C30	10	11
13	CB2
14	C30	17	11
15	A26	X	2
16	C30	28	13
17	CB3
18	C30	27	13
19	C33	2	11
20	C29	2	9
21	C33	4	11
22	C29	1	9
23	C32	8	11
24	C30	26	11
25	C32	10	11
26	C34	21	13
27	C31	8	11
28	C35	5	13
29	C31	10	11
30	C35	25	15

1A33
1	C34	23	13
2	C31	22	13
3	C35	7	11
4	C31	24	13
5	C34	3	7
6	C32	16	11
7	C29	27	13
8	C32	18	11
9	C29	28	13
10	C33	16	11
11	C30	2	11
12	C33	18	11
13	C30	1	11
14	+6	BUS
15	C29	25	13
16	A33	X
17	C29	26	13
18	CB1
19	C30	25	13
20	C33	22	11
21	G10	3	31
22	C33	24	11
23	G10	25	33
24	C32	22	9
25	C35	21	11
26	C32	24	9
27	C34	25	11
28	C31	16	9
29	C34	5	9
30	C31	18	9

MEM	1A35
1	C38	P2	11
2	C42	23	15
3	C38	P4	11
4	C42	3	13
5	C39	2	11
6	C41	7	13
7	C39	4	11
8	C36	10	11
9	C40	8	11
10	C36	17	11
11	C40	10	11
12	C37	14	11
13	CB2
14	C37	17	11
15	A35	X	2
16	C37	28	13
17	CB3
18	C37	27	13
19	C40	2	11
20	C36	2	7
21	C40	4	11
22	C36	1	7
23	C39	8	9
24	C37	26	11
25	C39	16	9
26	C41	21	13
27	C38	8	9
28	C42	5	13
29	C38	16	9
30	C42	25	13

1A42
1	C41	23	13
2	C38	22	13
3	C42	7	11
4	C38	24	13
5	C41	3	11
6	C39	16	13
7	C36	27	15
8	C39	18	13
9	C36	28	15
10	C40	16	11
11	C37	2	11
12	C40	18	11
13	C37	1	11
14	+6	BUS
15	C36	25	13
16	A42	X	2
17	C36	26	15
18	CB1
19	C37	25	13
20	C40	22	13
21	G12	3	37
22	C40	24	13
23	G12	2	41
24	C39	22	11
25	C42	21	9
26	C39	24	11
27	C41	25	11
28	C38	16	11
29	C41	5	7
30	C38	18	11

MEM	1D1
1	F3	2	9
2	F7	23	15
3	F3	4	9
4	F7	3	13
5	F4	2	9
6	F6	7	11
7	F4	4	9
8	F1	10	9
9	F5	8	11
10	F1	17	11
11	F5	19	11
12	F2	10	11
13	CB2
14	F2	17	11
15	D1	X	2
16	F2	28	11
17	CB3
18	F2	27	11
19	F5	2	9
20	F1	2	9
21	F5	4	9
22	F1	1	9
23	F4	8	11
24	F2	26	11
25	F4	10	11
26	F6	1	13
27	F3	8	11
28	F7	5	13
29	F3	10	11
30	F7	25	13

1D8
1	F6	23	11
2	F3	22	13
3	F7	7	9
4	F3	24	1
5	F6	3	9
6	F4	16	11
7	F1	27	13
8	F4	18	11
9	F1	28	13
10	F5	16	11
11	F2	2	11
12	F5	18	11
13	F2	11
14	+6	BUS
15	F1	25	13
16	D8	X	2
17	F1	26	13
18	CB1
19	F2	25	13
20	F5	22	11
21	G0	24	15
22	F5	24	11
23	G1	1	13
24	F4	22	11
25	F7	1	11
26	F4	24	11
27	F6	25	11
28	F3	16	11
29	F6	5	9
30	F3	18	11

MEM	1D10
1	F10	2	9
2	F14	23	13
3	F10	4	9
4	F14	3	11
5	F11	2	9
6	F13	7	11
7	F11	4	9
8	F8	19	9
9	F12	8	11
10	F8	17	11
11	F12	10	11
12	F9	10	9
13	CB2
14	F9	17	11
15	D10	X	2
16	F9	28	11
17	CB3
18	F9	27	11
19	F12	2	9
20	F8	2	9
21	F12	4	9
22	F8	1	9
23	F11	8	9
24	F9	26	11
25	F11	10	9
26	F13	21	11
27	F10	8	9
28	F14	5	4
29	F1	10	9
30	F4	25	13

1D16
1	F13	23	11
2	F10	22	13
3	F14	7	9
4	F10	24	13
5	F13	3	11
6	F11	16	13
7	F8	27	15
8	F11	18	13
9	F8	28	15
10	F12	16	11
11	F9	2	13
12	F12	18	11
13	F9	1	13
14	+6	Bus
15	F8	25	15
16	D16	X	2
17	F8	26	15
18	CB1
19	F9	25	13
20	F12	22	13
21	G12	24	15
22	F12	24	13
23	G12	1	13
24	F11	22	13
25	F14	21	11
26	F11	24	13
27	F13	25	13
28	F10	16	13
29	F13	5	11
30	F10	18	13

MEM	1D18
1	F18	2	9
2	F22	23	13
3	F18	4	9
4	F22	3	11
5	F19	2	9
6	F21	7	11
7	F19	4	9
8	F16	10	11
9	F20	8	9
10	F16	17	11
11	F20	10	9
12	F17	10	9
13	CB2
14	F17	17	11
15	D18	X	2
16	F17	28	11
17	CB3
18	F17	27	11
19	F20	2	9
20	F16	2	9
21	F20	4	9
22	F16	1	9
23	F19	8	9
24	F17	26	11
25	F19	10	9
26	F21	21	11
27	F18	8	9
28	F22	5	11
29	F18	10	9
30	F22	25	13

1D25
1	F21	23	13
2	F18	22	13
3	F22	7	11
4	F18	24	13
5	F21	3	11
6	F19	16	11
7	F16	27	15
8	F19	18	11
9	F16	28	15
10	F20	16	11
11	F17	2	13
12	F20	18	11
13	F17	1	13
14	+6	BUS
15	F16	25	15
16	D25	X
17	F16	26	15
18	CB1
19	F17	25	15
20	F20	22	13
21	G9	3	21
22	F20	24	13
23	G9	25	21
24	F19	22	13
25	F22	21	11
26	F19	24	13
27	F21	25	13
28	F18	16	13
29	F21	5	11
30	F18	18	13

MEM	1D26
1	F25	2	9
2	F29	23	11
3	F25	4	9
4	F29	3	9
5	F26	2	9
6	F28	7	9
7	F26	4	9
8	F23	10	11
9	F27	8	9
10	F23	17	11
11	F27	10	9
12	F24	10	11
13	CB2
14	F24	17	11
15	D26	X
16	F24	28	11
17	CB3
18	F24	27	11
19	F27	2	9
20	F23	2	9
21	F27	4	9
22	F23	1	9
23	F26	8	9
24	F24	26	11
25	F26	19	9
26	F28	21	11
27	F25	8	9
28	F29	5	9
29	F25	10	9
30	F29	25	11

1D33
1	F28	23	13
2	F25	22	15
3	F29	7	11
4	F25	24	15
5	F28	3	11
6	F26	16	13
7	F23	27	15
8	F26	18	13
9	F23	28	15
10	F27	16	13
11	F24	2	13
12	F27	18	13
13	F24	1	13
14	+6	BUS
15	F23	25	15
16	D33	X	2
17	F23	26	15
18	CB1
19	F24	25	13
20	F27	22	13
21	G11	3	25
22	F27	24	13
23	G11	25	25
24	F26	22	13
25	F29	21	13
26	F26	24	13
27	F28	25	13
28	F25	16	13
29	F28	5	11
30	F25	18	13

MEM	1D35
1	F32	2	9
2	F36	23	11
3	F32	4	9
4	F36	3	9
5	F33	2	9
6	F35	7	9
7	F33	4	9
8	F30	10	9
9	F34	8	9
10	F30	17	11
11	34	10	9
12	F31	10	11
13	CB2
14	F31	17	11
15	D35	X	2
16	F31	28	13
17	C3
18	F31	27	13
19	F34	2	9
20	F30	2	11
21	F34	4	9
22	F30	1	11
23	F33	8	9
24	F31	26	13
25	F33	10	9
26	F35	21	11
27	F32	8	9
28	F36	5	9
29	F32	10	9
30	F36	25	11

1D42
1	F35	23	13
2	F32	22	15
3	F36	7	13
4	F32	24	15
5	F35	3	13
6	F33	16	15
7	F30	27	17
8	F33	18	15
9	F30	28	17
10	F34	16	13
11	F31	2	15
12	F34	18	13
13	F31	1	15
14	+6	BUS
15	F30	25	17
16	D42	X	2
17	F30	26	17
18	CB1
19	F31	25	17
20	F34	22	13
21	G13	3	31
22	F34	24	1
23	G13	25	31
24	F33	22	15
25	F36	21	13
26	F33	24	15
27	F35	25	13
28	F32	16	15
29	F35	5	13
30	F32	18	15

