PA	1C1
1	A1	22	9
2	A1	20	9
3
4
5	H15	17	27
6
7	C15	1	17
8	H15	1	27
9	C16	1	17
10	A1	8	11
11
12	H16	1	27
13
14
15
16
17	A1	10	11
18
19
20	C15	2	17
21	H16	17	27
22	C16	2	17
23	H17	17	27
24	H17	1	27
25	A8	15	13
26	A8	17	13
27	A8	7	15
28	A8	9	15
PA	1C2
1	A8	13	11
2	A8	11	11
3
4
5	H18	17	27
6
7	C15	4	17
8	H18	1	27
9	C16	4	17
10	A1	12	9
11
12	H19	1	27
13
14
15
16
17	A1	14	11
18
19
20	C15	6	17
21	H19	17	27
22	C16	6	17
23	H20	17	27
24	H20	1	27
25	A8	19	13
26	A1	24	11
27	A1	18	11
28	A1	16	11
PS	1C3
1
2	A1	1	11
3
4	A1	3	11
5	C17	4	17
6
7
8	A1	27	9
9
10	A1	29	9
11	C17	3	17
12
13
14
15
16	A8	28	11
17
18	A8	30	11
19	C17	16	17
20
21
22	A8	2	11
23
24	A8	4	11
25	C17	15	15
26	G9	15	21
27	C28	21	27
28	C4	26	3
PS	1C4
1
2	A1	5	11
3
4	A1	7	11
5	C18	4	17
6
7
8	A1	23	9
9
10	A1	25	9
11	C18	3	17
12
13
14
15
16	A8	6	11
17
18	A8	8	11
19	C18	16	17
20
21
22	A8	24	11
23
24	A8	26	11
25	C18	15	17
26	C3	28	3
27	C28	20	25
28	C5	26	3
PS	1C5
1
2	A1	19	11
3
4	A1	21	11
5	C19	4	17
6
7
8	A1	9	11
9
10	A1	11	11
11	C19	3	17
12
13
14
15
16	A8	10	11
17
18	A8	12	11
19	C19	16	17
20
21
22	A8	20	11
23
24	A8	22	11
25	C19	15	17
26	C4	28	3
27	C28	19	25
28	C10	26	9
PZ	1C6
1
2	G21	17	25
3	A8	5	11
4	G21	1	25
5	A8	29	9
6	G22	1	25
7	A1	6	13
8
9	C27	1	23
10	F15	7	19
11
12
13
14
15
16	G30	17	27
17	G17	17	23
18
19	G22	17	25
20
21	A1	26	11
22	G23	17	25
23	A8	1	13
24
25	A8	27	11
26
27	G23	1	25
28
PZ	1C7
1
2	G24	17	27
3	A1	4	13
4	G24	1	25
5	A1	28	11
6	G25	1	25
7	A8	3	11
8
9	C27	2	23
10	F15	9	17
11
12
13
14
15
16	G30	18	29
17	G17	18	23
18
19	G25	17	27
20
21	A8	25	9
22	G26	17	27
23	A1	2	13
24
25	A1	30	13
26
27	G26	1	27
28
PA	1C8
1	A10	22	9
2	A10	20	9
3
4
5	H15	19	25
6
7	C16	9	13
8	H15	4	23
9	C28	1	23
10	A10	8	11
11
12	H16	4	23
13
14
15
16
17	A10	10	11
18
19
20	C16	10	13
21	H16	19	25
22	C28	2	23
23	H17	19	25
24	H17	4	23
25	A16	15	15
26	A16	17	15
27	A16	7	15
28	A16	9	15
PA	1C9
1	A16	13	13
2	A16	11	13
3
4
5	H18	19	25
6
7	C16	11	11
8	H18	4	23
9	C28	4	21
10	A10	12	9
11
12	H19	4	25
13
14
15
16
17	A10	14	11
18
19
20	C16	12	11
21	H19	19	25
22	C28	6	21
23	H20	19	25
24	H20	4	25
25	A16	19	15
26	A10	24	11
27	A10	18	11
28	A10	16	11
PS	1C10
1
2	A10	1	11
3
4	A10	3	11
5	C17	6	11
6
7
8	A10	27	9
9
10	A10	29	9
11	C17	5	11
12
13
14
15
16	A16	28	13
17
18	A16	30	13
19	C17	24	11
20
21
22	A16	2	13
23
24	A16	4	13
25	C17	23	11
26	C5	28	9
27	G17	19	21
28	C11	26	3
PS	1C11
1
2	A10	5	11
3
4	A10	7	11
5	C18	6	11
6
7
8	A10	23	9
9
10	A10	25	9
11	C18	5	11
12
13
14
15
16	A16	6	13
17
18	A16	8	13
19	C18	24	11
20
21
22	A16	24	13
23
24	A16	26	13
25	C18	23	11
26	C10	28	3
27	G17	20	21
28	C12	26	5
PS	1C12
1
2	A10	19	9
3
4	A10	21	9
5	C19	6	11
6
7
8	A10	9	11
9
10	A10	11	11
11	C19	5	11
12
13
14
15
16	A16	10	13
17
18	A16	12	13
19	C19	24	11
20
21
22	A16	20	13
23
24	A16	22	13
25	C19	23	11
26	C11	28	3
27	G17	21	21
28	C22	26	13
PZ	1C13
1
2	G21	19	21
3	A16	5	11
4	G21	4	21
5	A16	29	11
6	G22	4	21
7	A10	6	11
8
9	C27	7	17
10	F15	1	15
11
12
13
14
15
16	C15	21	7
17	G29	17	25
18
19	G22	19	21
20
21	A10	26	11
22	G23	19	23
23	A16	1	13
24
25	A16	27	11
26
27	G23	4	21
28
PZ	1C14
1
2	G24	19	23
3	A10	4	13
4	G24	4	21
5	A10	28	11
6	G25	4	21
7	A16	3	11
8
9	C27	8	17
10	F15	6	15
11
12
13
14
15
16	C15	22	3
17	G29	18	25
18
19	G25	19	23
20
21	A16	25	11
22	G26	19	23
23	A10	2	13
24
25	A10	30	11
26
27	G26	4	23
28
TC	1C15
1	C1	7	17
2	C1	20	17
3	G1	6	23
4	C2	7	17
5	C15	X	2
6	C2	20	17
7	F6	10	17
8	F7	10	17
9	F21	9	17
10	F22	9	17
11	F25	27	19
12	F26	27	21
13	F27	27	21
14	G1	3	23
15
16	C15	X	2
17	F1	7	21
18	F1	20	21
19	F2	7	21
20	F2	20	21
21	C13	16	7
22	C14	16	3
23	C34	9	21
24	C35	9	23
25	C38	27	25
26	C39	27	25
27	C40	27	27
28
TC	1C16
1	C1	9	17
2	C1	22	17
3	H4	1	25
4	C2	9	17
5	C16	X	2
6	C2	22	17
7	F37	15	42
8	F38	15	42
9	C8	7	13
10	C8	20	13
11	C9	7	11
12	C9	20	11
13	F39	15	42
14	G3	23	23
15
16	C16	X	2
17	C17	14	3
18	C17	13	3
19	C17	26	3
20	C17	25	3
21	C18	14	5
22	C18	13	5
23	C18	26	5
24	C18	25	5
25	C19	14	7
26	C19	13	7
27	C19	26	7
28	C19	25	7
TA	1C17
1	G18	2	19
2	G18	1	19
3	C3	11	17
4	C3	5	17
5	C10	11	11
6	C10	5	11
7	C22	11	11
8	C22	5	11
9	C31	11	19
10	C31	5	19
11	C38	11	23
12	C38	5	23
13	C16	18	3
14	C16	17	3
15	C3	25	15
16	C3	19	17
17	C38	25	23
18	C38	19	23
19	C31	25	19
20	C31	19	19
21	C22	25	11
22	C22	19	11
23	C10	25	11
24	C10	19	11
25	C16	20	3
26	C16	19	3
27	G18	15	19
28	G18	10	19
TA	1C18
1	G18	22	19
2	G18	21	19
3	C4	11	17
4	C4	5	17
5	C11	11	11
6	C11	5	11
7	C23	11	9
8	C23	5	9
9	C32	11	17
10	C32	5	17
11	C39	11	23
12	C39	5	23
13	C16	22	5
14	C16	21	5
15	C4	25	17
16	C4	19	17
17	C39	25	23
18	C39	19	23
19	C32	25	17
20	C32	19	17
21	C23	25	9
22	C23	19	9
23	C11	25	11
24	C11	19	11
25	C16	24	5
26	C16	23	5
27	G19	2	19
28	G19	1	19
TA	1C19
1	G19	15	19
2	G19	10	19
3	C5	11	17
4	C5	5	17
5	C12	11	11
6	C12	5	11
7	C24	11	9
8	C24	5	9
9	C33	11	17
10	C33	5	17
11	C40	11	23
12	C40	5	23
13	C16	26	7
14	C16	25	7
15	C5	25	17
16	C5	19	17
17	C40	25	23
18	C40	19	23
19	C33	25	17
20	C33	19	17
21	C24	25	9
22	C24	19	9
23	C12	25	11
24	C12	19	11
25	C16	28	7
26	C16	27	7
27	G19	22	19
28	G19	21	19
PA	1C20
1	A18	22	9
2	A18	20	9
3
4
5	H15	21	25
6
7	C27	21	11
8	H15	7	23
9	G17	8	19
10	A18	8	11
11
12	H16	7	25
13
14
15
16
17	A18	10	11
18
19
20	C27	22	11
21	H16	21	23
22	G17	9	19
23	H17	21	23
24	H17	7	23
25	A25	15	13
26	A25	17	13
27	A25	7	13
28	A25	9	13
PA	1C21
1	A25	13	11
2	A25	11	11
3
4
5	H18	21	23
6
7	C27	23	11
8	H18	7	23
9	G17	10	19
10	A18	12	11
11
12	H19	7	23
13
14
15
16
17	A18	14	11
18
19
20	C27	24	11
21	H19	21	23
22	G17	11	19
23	H20	21	23
24	H20	7	23
25	A25	19	13
26	A18	24	11
27	A18	18	13
28	A18	16	13
PS	1C22
1
2	A18	1	11
3
4	A18	3	11
5	C17	8	11
6
7
8	A18	27	11
9
10	A18	29	11
11	C17	7	11
12
13
14
15
16	A25	28	11
17
18	A25	30	11
19	C17	22	11
20
21
22	A25	2	13
23
24	A25	4	13
25	C17	21	11
26	C12	28	13
27	G29	19	21
28	C23	26	3
PS	1C23
1
2	A18	5	11
3
4	A18	7	11
5	C18	8	9
6
7
8	A18	23	11
9
10	A18	25	11
11	C18	7	9
12
13
14
15
16	A25	6	11
17
18	A25	8	11
19	C18	22	9
20
21
22	A25	24	11
23
24	A25	26	11
25	C18	21	9
26	C22	28	3
27	G29	20	21
28	C24	26	3
PS	1C24
1
2	A18	19	11
3
4	A18	21	11
5	C19	8	9
6
7
8	A18	9	13
9
10	A18	11	13
11	C19	7	9
12
13
14
15
16	A25	10	11
17
18	A25	12	11
19	C19	22	9
20
21
22	A25	20	11
23
24	A25	22	11
25	C19	21	9
26	C23	28	3
27	G29	21	21
28	C31	26	11
PZ	1C25
1
2	G21	21	19
3	A25	5	11
4	G21	7	19
5	A25	29	9
6	G22	7	19
7	A18	6	13
8
9	C27	9	7
10	G20	4	19
11
12
13
14
15
16	C28	26	9
17	G30	19	21
18
19	G22	21	19
20
21	A18	26	13
22	G23	21	19
23	A25	1	13
24
25	A25	27	11
26
27	G23	7	19
28
PZ	1C26
1
2	G24	21	19
3	A18	4	13
4	G24	7	19
5	A18	28	13
6	G25	7	19
7	A25	3	11
8
9	C27	10	3
10	G20	6	19
11
12
13
14
15
16	C28	27	7
17	G30	20	19
18
19	G25	21	19
20
21	A25	25	11
22	G26	21	19
23	A18	2	15
24
25	A18	30	13
26
27	G26	7	19
28
TC	1C27
1	C6	9	23
2	C7	9	23
3	H5	11	31
4	C34	17	11
5	C27	X	2
6	C35	17	11
7	C13	9	17
8	C14	9	17
9	C25	9	7
10	C26	9	3
11	C41	17	17
12	C42	17	17
13
14	H4	2	31
15
16	C27	X	2
17	C29	7	7
18	C29	20	7
19	C30	7	7
20	C30	20	7
21	C20	7	11
22	C20	20	11
23	C21	7	11
24	C21	20	11
25	C36	9	13
26	C36	22	13
27	C37	9	13
28	C37	22	13
TC	1C28
1	C8	9	23
2	C8	22	23
3	G1	23	31
4	C9	9	21
5	C28	X	2
6	C9	22	21
7	F13	10	21
8	F14	10	21
9	F32	27	17
10	F33	27	17
11	F34	27	17
12	F28	9	15
13	F29	9	15
14	G1	21	31
15
16	C28	X	2
17	C41	9	17
18	C42	9	17
19	C5	27	25
20	C4	27	25
21	C3	27	27
22	F8	7	25
23	F8	20	25
24	F9	7	23
25	F9	20	25
26	C25	16	9
27	C26	16	7
28
PA	1C29
1	A26	22	9
2	A26	20	9
3
4
5	H15	23	27
6
7	C27	17	7
8	H15	9	25
9	G29	8	19
10	A26	8	11
11
12	H16	9	25
13
14
15
16
17	A26	10	11
18
19
20	C27	18	7
21	H16	23	27
22	G29	9	19
23	H17	23	27
24	H17	9	25
25	A33	15	13
26	A33	17	13
27	A33	7	13
28	A33	9	13
PA	1C30
1	A33	13	11
2	A33	11	11
3
4
5	H18	23	21
6
7	C27	19	7
8	H18	9	21
9	G29	10	11
10	A26	12	11
11
12	H19	9	25
13
14
15
16
17	A26	14	11
18
19
20	C27	20	7
21	H19	23	25
22	G29	11	19
23	H20	23	25
24	H20	9	25
25	A33	19	13
26	A26	24	11
27	A26	18	13
28	A26	16	13
PS	1C31
1
2	A26	1	11
3
4	A26	3	11
5	C17	10	19
6
7
8	A26	27	11
9
10	A26	29	11
11	C17	9	19
12
13
14
15
16	A33	28	9
17
18	A33	30	9
19	C17	20	19
20
21
22	A33	2	13
23
24	A33	4	13
25	C17	19	19
26	C24	28	11
27	G30	21	19
28	C32	26	3
PS	1C32
1
2	A26	5	11
3
4	A26	7	11
5	C18	10	17
6
7
8	A26	23	11
9
10	A26	25	11
11	C18	9	17
12
13
14
15
16	A33	6	11
17
18	A33	8	11
19	C18	20	17
20
21
22	A33	24	9
23
24	A33	26	9
25	C18	19	17
26	C31	28	3
27	G30	22	19
28	C33	26	3
PS	1C33
1
2	A26	19	11
3
4	A26	21	11
5	C19	10	17
6
7
8	A26	9	13
9
10	A26	11	13
11	C19	9	17
12
13
14
15
16	A33	10	11
17
18	A33	12	11
19	C19	20	17
20
21
22	A33	20	11
23
24	A33	22	11
25	C19	19	17
26	C32	28	3
27	G30	23	21
28	C38	26	9
PZ	1C34
1
2	G21	23	23
3	A33	5	7
4	G21	9	23
5	A33	29	9
6	G22	9	23
7	A26	6	13
8
9	C15	23	21
10	G17	26	25
11
12
13
14
15
16	G20	7	23
17	C27	4	11
18
19	G22	23	23
20
21	A26	26	13
22	G23	23	23
23	A33	1	13
24
25	A33	27	11
26
27	G23	9	23
28
PZ	1C35
1
2	G24	23	23
3	A26	4	15
4	G24	9	23
5	A26	28	13
6	G25	9	21
7	A33	3	11
8
9	C15	24	23
10	G17	27	27
11
12
13
14
15
16	G20	8	23
17	C27	6	11
18
19	G25	23	23
20
21	A33	25	11
22	G26	23	23
23	A26	2	15
24
25	A26	30	15
26
27	G26	9	21
28
PA	1C36
1	A35	22	7
2	A35	20	7
3
4
5	H15	24	51
6
7	G30	8	19
8	H15	10	29
9	C27	25	13
10	A35	8	11
11
12	H16	10	29
13
14
15
16
17	A35	10	11
18
19
20	G30	9	19
21	H16	24	29
22	C27	26	13
23	H17	24	29
24	H17	10	29
25	A42	15	15
26	A42	17	15
27	A42	7	15
28	A42	9	15
PA	1C37
1	A42	13	11
2	A42	11	11
3
4
5	H18	24	29
6
7	G30	10	19
8	H18	10	29
9	C27	27	13
10
11
12	H19	10	27
13
14	A35	12	11
15
16
17	A35	14	11
18
19
20	G30	11	21
21	H19	24	29
22	C27	28	13
23	H20	24	29
24	H20	10	29
25	A42	19	13
26	A35	24	11
27	A35	18	13
28	A35	16	13
PS	1C38
1
2	A35	1	11
3
4	A35	3	11
5	C17	12	23
6
7
8	A35	27	9
9
10	A35	29	9
11	C17	11	23
12
13
14
15
16	A42	28	11
17
18	A42	30	11
19	C17	18	23
20
21
22	A42	2	13
23
24	A42	4	13
25	C17	17	23
26	C33	28	9
27	C15	25	25
28	C39	26	3
PS	1C39
1
2	A35	5	11
3
4	A35	7	11
5	C18	12	23
6
7
8	A35	23	9
9
10	A35	25	9
11	C18	11	23
12
13
14
15
16	A42	6	13
17
18	A42	8	13
19	C18	18	23
20
21
22	A42	24	11
23
24	A42	26	11
25	C18	17	23
26	C38	28	3
27	C15	26	25
28	C40	26	3
PS	1C40
1
2	A35	19	11
3
4	A35	21	11
5	C19	12	23
6
7
8	A35	9	11
9
10	A35	11	11
11	C19	11	23
12
13
14
15
16	A42	10	11
17
18	A42	12	11
19	C19	18	23
20
21
22	A42	20	13
23
24	A42	22	13
25	C19	17	23
26	C39	28	3
27	C15	27	27
28
PZ	1C41
1
2	G21	24	27
3	A42	5	11
4	G21	10	27
5	A42	29	7
6	G22	10	27
7	A35	6	13
8
9	C28	17	17
10	G29	22	23
11
12
13
14
15
16	G20	9	27
17	C27	11	17
18
19	G22	24	27
20
21	A35	26	13
22	G23	24	27
23	A42	1	13
24
25	A42	27	11
26
27	G23	10	25
28
PZ	1C42
1
2	G24	24	27
3	A35	4	13
4	G24	10	25
5	A35	28	13
6	G25	10	25
7	A42	3	11
8
9	C28	18	17
10	G29	23	23
11
12
13
14
15
16	G20	10	27
17	C27	12	17
18
19	G25	24	25
20
21	A42	25	9
22	G26	24	25
23	A35	2	15
24
25	A35	30	13
26
27	G26	10	25
28
PA	1F1
1	D1	22	9
2	D1	20	9
3
4
5	H15	18	19
6
7	C15	17	21
8	H15	2	19
9	G8	20	13
10	D1	8	9
11
12	H16	2	19
13
14
15
16
17	D1	10	11
18
19
20	C15	18	21
21	H16	18	19
22	G8	21	13
23	H17	18	21
24	H17	2	19
25	D8	15	13
26	D8	17	13
27	D8	7	13
28	D8	9	13
PA	1F2
1	D8	13	11
2	D8	11	11
3
4
5	H18	18	21
6
7	C15	19	21
8	H18	2	19
9	G8	22	11
10	D1	12	11
11
12	H19	2	21
13
14
15
16
17	D1	14	11
18
19
20	C15	20	21
21	H19	18	21
22	G8	23	13
23	H20	18	21
24	H20	2	21
25	D8	19	13
26	D1	24	11
27	D1	18	11
28	D1	16	11
PS	1F3
1
2	D1	1	9
3
4	D1	3	9
5	G14	4	15
6
7
8	D1	27	11
9
10	D1	29	11
11	G14	3	15
12
13
14
15
16	D8	28	11
17
18	D8	30	11
19	G14	16	15
20
21
22	D8	2	13
23
24	D8	4	13
25	G14	15	15
26	G10	15	13
27	G17	1	17
28	F4	26	3
PS	1F4
1
2	D1	5	9
3
4	D1	7	9
5	G15	4	15
6
7
8	D1	23	11
9
10	D1	25	11
11	G15	3	15
12
13
14
15
16	D8	6	11
17
18	D8	8	11
19	G15	16	15
20
21
22	D8	24	11
23
24	D8	26	11
25	G15	15	15
26	F3	28	3
27	G17	2	17
28	F5	26	3
PS	1F5
1
2	D1	19	9
3
4	D1	21	9
5	G16	4	15
6
7
8	D1	9	11
9
10	D1	11	11
11	G16	3	15
12
13
14
15
16	D8	10	11
17
18	D8	12	11
19	G16	16	15
20
21
22	D8	20	11
23
24	D8	22	11
25	G16	15	15
26	F4	28	3
27	G17	4	17
28	F10	26	9
PZ	1F6
1
2	G21	18	19
3	D8	5	9
4	G21	2	19
5	D8	29	9
6	G22	2	19
7	D1	6	11
8
9	G29	1	25
10	C15	7	17
11
12
13
14
15
16	G8	9	7
17	G20	17	17
18
19	G22	18	19
20
21	D1	26	13
22	G23	18	21
23	D8	1	11
24
25	D8	27	11
26
27	G23	2	19
28
PZ	1F7
1
2	G24	18	19
3	D1	4	13
4	G24	2	19
5	D1	28	13
6	G25	2	21
7	D8	3	9
8
9	G29	2	23
10	C15	8	17
11
12
13
14
15
16	G8	10	7
17	G20	18	17
18
19	G25	18	21
20
21	D8	25	11
22	G26	18	21
23	D1	2	15
24
25	D1	30	13
26
27	G26	2	21
28
PA	1F8
1	D10	22	9
2	D10	20	9
3
4
5	H15	20	15
6
7	C28	22	25
8	H15	6	15
9	G8	24	9
10	D10	8	9
11
12	H16	6	15
13
14
15
16
17	D10	10	11
18
19
20	C28	23	25
21	H16	20	15
22	G8	25	9
23	H17	20	15
24	H17	6	15
25	D16	15	15
26	D16	17	15
27	D16	7	15
28	D16	9	15
PA	1F9
1	D16	13	13
2	D16	11	13
3
4
5	H18	20	15
6
7	C28	24	23
8	H18	6	15
9	G8	26	9
10	D10	12	9
11
12	H19	6	15
13
14
15
16
17	D10	14	11
18
19
20	C28	25	25
21	H19	20	17
22	G8	27	9
23	H20	20	17
24	H20	6	17
25	D16	19	13
26	D10	24	11
27	D10	18	11
28	D10	16	11
PS	1F10
1
2	D10	1	9
3
4	D10	3	9
5	G14	6	9
6
7
8	D10	27	9
9
10	D10	29	9
11	G14	5	9
12
13
14
15
16	D16	28	13
17
18	D16	30	13
19	G14	24	11
20
21
22	D16	2	13
23
24	D16	4	13
25	G14	23	11
26	F5	28	9
27	G29	4	21
28	F11	26	3
PS	1F11
1
2	D10	5	9
3
4	D10	7	9
5	G15	6	9
6
7
8	D10	23	9
9
10	D10	25	9
11	G15	5	9
12
13
14
15
16	D16	6	13
17
18	D16	8	13
19	G15	24	11
20
21
22	D16	24	13
23
24	D16	26	13
25	G15	23	11
26	F10	28	3
27	G29	6	21
28	F12	26	3
PS	1F12
1
2	D10	19	9
3
4	D10	21	9
5	G16	6	9
6
7
8	D10	9	11
9
10	D10	11	11
11	G16	5	9
12
13
14
15
16	D16	10	11
17
18	D16	12	11
19	G16	24	11
20
21
22	D16	20	13
23
24	D16	22	13
25	G16	23	11
26	F11	28	3
27	G29	7	19
28	F18	26	11
PZ	1F13
1
2	G21	20	13
3	D16	5	11
4	G21	6	13
5	D16	29	11
6	G22	6	13
7	D10	6	11
8
9	G30	1	19
10	C28	7	21
11
12
13
14
15
16	G20	1	11
17	G20	19	13
18
19	G22	20	13
20
21	D10	26	11
22	G23	20	15
23	D16	1	11
24
25	D16	27	13
26
27	G23	6	15
28
PZ	1F14
1
2	G24	20	15
3	D10	4	11
4	G24	6	15
5	D10	28	11
6	G25	6	15
7	D16	3	9
8
9	G30	2	19
10	C28	8	21
11
12
13
14
15
16	G20	2	11
17	G20	20	11
18
19	G25	20	15
20
21	D16	25	11
22	G26	20	17
23	D10	2	13
24
25	D10	30	13
26
27	G26	6	15
28
TC	1F15
1	C13	10	15
2	G9	17	11
3	H3	11	17
4	G10	17	11
5	F15	X	2
6	C14	10	15
7	C6	10	19
8	F21	16	11
9	C7	10	17
10	F22	16	11
11	G11	17	9
12	G12	17	9
13	G13	17	9
14	H4	11	17
15
16	F15	X	2
17	F16	9	3
18	F16	22	3
19	F17	9	5
20	F17	22	5
21	F23	9	11
22	F23	22	11
23	F24	9	13
24	F24	22	13
25	F30	9	17
26	F30	22	17
27	F31	9	17
28	F31	22	17
PA	1F16
1	D18	22	9
2	D18	20	9
3
4
5	H15	22	13
6
7	G17	22	9
8	H15	8	9
9	F15	17	3
10	D18	8	11
11
12	H16	8	11
13
14
15
16
17	D18	10	11
18
19
20	G17	23	9
21	H16	22	13
22	F15	18	3
23	H17	22	13
24	H17	8	11
25	D25	15	15
26	D25	17	15
27	D25	7	15
28	D25	9	15
PA	1F17
1	D25	13	13
2	D25	11	13
3
4
5	H18	22	13
6
7	G17	24	9
8	H18	8	11
9	F15	19	5
10	D18	12	9
11
12	H19	8	11
13
14
15
16
17	D18	14	11
18
19
20	G17	25	9
21	H19	22	13
22	F15	20	5
23	H20	22	13
24	H20	8	13
25	D25	19	15
26	D18	24	11
27	D18	18	11
28	D18	16	11
PS	1F18
1
2	D18	1	9
3
4	D18	3	9
5	G14	8	9
6
7
8	D18	27	9
9
10	D18	29	9
11	G14	7	9
12
13
14
15
16	D25	28	13
17
18	D25	30	13
19	G14	22	11
20
21
22	D25	2	13
23
24	D25	4	13
25	G14	21	11
26	F12	28	11
27	G30	4	15
28	F19	26	3
PS	1F19
1
2	D18	5	9
3
4	D18	7	9
5	G15	8	9
6
7
8	D18	23	9
9
10	D18	25	9
11	G15	7	9
12
13
14
15
16	D25	6	11
17
18	D25	8	11
19	G15	22	9
20
21
22	D25	24	13
23
24	D25	26	13
25	G15	21	9
26	F18	28	3
27	G30	6	15
28	F20	26	3
PS	1F20
1
2	D18	19	9
3
4	D18	21	9
5	G16	8	9
6
7
8	D18	9	9
9
10	D18	11	9
11	G16	7	9
12
13
14
15
16	D25	10	11
17
18	D25	12	11
19	G16	22	9
20
21
22	D25	20	13
23
24	D25	22	13
25	G16	21	9
26	F19	28	3
27	G30	7	13
28	F25	26	9
PZ	1F21
1
2	G21	22	9
3	D25	5	11
4	G21	8	7
5	D25	29	11
6	G22	8	9
7	D18	6	11
8
9	C15	9	17
10	G17	6	9
11
12
13
14
15
16	F15	8	11
17	G20	21	9
18
19	G22	22	9
20
21	D18	26	11
22	G23	22	7
23	D25	1	13
24
25	D25	27	13
26
27	G23	8	7
28
PZ	1F22
1
2	G24	22	9
3	D18	4	11
4	G24	8	7
5	D18	28	11
6	G25	8	9
7	D25	3	11
8
9	C15	10	17
10	G17	7	9
11
12
13
14
15
16	F15	10	11
17	G20	22	9
18
19	G25	22	9
20
21	D25	25	11
22	G26	22	11
23	D18	2	13
24
25	D18	30	13
26
27	G26	8	9
28
PA	1F23
1	D26	22	9
2	D26	20	9
3
4
5	H15	25	15
6
7	G29	24	11
8	H15	11	15
9	F15	21	11
10	D26	8	11
11
12	H16	11	15
13
14
15
16
17	D26	10	11
18
19
20	G29	25	11
21	H16	25	15
22	F15	22	11
23	H17	25	15
24	H17	11	13
25	D33	15	15
26	D33	17	15
27	D33	7	15
28	D33	9	15
PA	1F24
1	D33	13	13
2	D33	11	13
3
4
5	H18	25	15
6
7	G29	26	11
8	H18	11	15
9	F15	23	13
10	D26	12	11
11
12	H19	11	13
13
14
15
16
17	D26	14	11
18
19
20	G29	27	11
21	H19	25	13
22	F15	24	13
23	H20	25	13
24	H20	11	13
25	D33	19	13
26	D26	24	11
27	D26	18	11
28	D26	16	11
PS	1F25
1
2	D26	1	9
3
4	D26	3	9
5	G14	10	15
6
7
8	D26	27	9
9
10	D26	29	9
11	G14	9	15
12
13
14
15
16	D33	28	13
17
18	D33	30	13
19	G14	20	15
20
21
22	D33	2	15
23
24	D33	4	15
25	G14	19	15
26	F20	28	9
27	C15	11	19
28	F26	26	3
PS	1F26
1
2	D26	5	9
3
4	D26	7	9
5	G15	10	15
6
7
8	D26	23	9
9
10	D26	25	9
11	G15	9	15
12
13
14
15
16	D33	6	13
17
18	D33	8	13
19	G15	20	15
20
21
22	D33	24	13
23
24	D33	26	13
25	G15	19	15
26	F25	28	3
27	C15	12	21
28	F27	26	3
PS	1F27
1
2	D26	19	9
3
4	D26	21	9
5	G16	10	15
6
7
8	D26	9	9
9
10	D26	11	9
11	G16	9	15
12
13
14
15
16	D33	10	13
17
18	D33	12	13
19	G16	20	15
20
21
22	D33	20	13
23
24	D33	22	13
25	G16	19	15
26	F26	28	3
27	C15	13	21
28	F32	26	9
PZ	1F28
1
2	G21	25	13
3	D33	5	11
4	G21	11	11
5	D33	29	11
6	G22	11	11
7	D26	6	9
8
9	C28	12	15
10	G29	12	7
11
12
13
14
15
16	G20	11	13
17	G20	23	13
18
19	G22	25	11
20
21	D26	26	11
22	G23	25	11
23	D33	1	13
24
25	D33	27	13
26
27	G23	11	9
28
PZ	1F29
1
2	G24	25	11
3	D26	4	9
4	G24	11	11
5	D26	28	9
6	G25	11	9
7	D33	3	11
8
9	C28	13	15
10	G29	13	7
11
12
13
14
15
16	G20	12	13
17	G20	24	13
18
19	G25	25	11
20
21	D33	25	11
22	G26	25	9
23	D26	2	11
24
25	D26	30	11
26
27	G26	11	7
28
PA	1F30
1	D35	22	11
2	D35	20	11
3
4
5	H15	26	19
6
7	G30	24	9
8	H15	12	19
9	F15	25	17
10	D35	8	9
11
12	H16	12	19
13
14
15
16
17	D35	10	11
18
19
20	G30	25	7
21	H16	26	19
22	F15	26	17
23	H17	26	19
24	H17	12	17
25	D42	15	17
26	D42	17	17
27	D42	7	17
28	D42	9	17
PA	1F31
1	D42	13	15
2	D42	11	15
3
4
5	H18	26	19
6
7	G30	26	9
8	H18	12	17
9	F15	27	17
10	D35	12	11
11
12	H19	12	17
13
14
15
16
17	D35	14	11
18
19
20	G30	27	7
21	H19	26	17
22	F15	28	17
23	H20	26	17
24	H20	12	17
25	D42	19	17
26	D35	24	13
27	D35	18	13
28	D35	16	13
PS	1F32
1
2	D35	1	9
3
4	D35	3	9
5	G14	12	21
6
7
8	D35	27	9
9
10	D35	29	9
11	G14	11	21
12
13
14
15
16	D42	28	15
17
18	D42	30	15
19	G14	18	21
20
21
22	D42	2	15
23
24	D42	4	15
25	G14	17	21
26	F27	28	9
27	C28	9	17
28	F33	26	3
PS	1F33
1
2	D35	5	9
3
4	D35	7	9
5	G15	12	21
6
7
8	D35	23	9
9
10	D35	25	9
11	G15	11	21
12
13
14
15
16	D42	6	15
17
18	D42	8	15
19	G15	18	21
20
21
22	D42	24	15
23
24	D42	26	15
25	G15	17	21
26	F32	28	3
27	C28	10	17
28	F34	26	3
PS	1F34
1
2	D35	19	9
3
4	D35	21	9
5	G16	12	21
6
7
8	D35	9	9
9
10	D35	11	9
11	G16	11	21
12
13
14
15
16	D42	10	13
17
18	D42	12	13
19	G16	18	21
20
21
22	D42	20	13
23
24	D42	22	13
25	G16	17	21
26	F33	28	3
27	C28	11	17
28
PZ	1F35
1
2	G21	26	17
3	D42	5	13
4	G21	12	17
5	D42	29	13
6	G22	12	17
7	D35	6	9
8
9	G17	12	21
10	G30	12	9
11
12
13
14
15
16	G20	13	17
17	G20	25	19
18
19	G22	26	17
20
21	D35	26	11
22	G23	26	15
23	D42	1	13
24
25	D42	27	13
26
27	G23	12	15
28
PZ	1F36
1
2	G24	26	15
3	D35	4	9
4	G24	12	15
5	D35	28	9
6	G25	12	15
7	D42	3	13
8
9	G17	13	21
10	G30	13	11
11
12
13
14
15
16	G20	15	19
17	G20	26	19
18
19	G25	26	15
20
21	D42	25	13
22	G26	26	15
23	D35	2	11
24
25	D35	30	11
26
27	G26	12	13
28
PI	1F37
1
2
3
4	K16	1	29
5	W02	90
6
7	W02	91
8
9
10	W02	92
11
12	K16	2	29
13
14	K16	28	31
15	C16	7	42
16	F37	X	2
17	K16	27	31
18
19	K17	1	29
20
21	W02	93
22
23
24	W02	94
25
26	W02	95
27	K17	2	29
28
PI	1F38
1
2
3
4	K17	27	31
5	W02	96
6
7	W02	97
8
9
10	W02	98
11
12	K17	28	31
13
14	K18	2	29
15	C16	8	42
16	F38	X	2
17	K18	1	29
18
19	K18	27	31
20
21	W02	99
22
23
24	W02	900
25
26	W02	901
27	K18	28	31
28
PI	1F39
1
2
3
4	K19	5	29
5	W02	902
6
7	W02	903
8
9
10	W02	904
11
12	K19	6	29
13
14	K19	7	29
15	C16	13	42
16	F39	X	2
17	K19	22	29
18
19	K19	23	29
20
21	W02	905
22
23
24	W02	906
25
26	W02	907
27	K19	24	29
28
PL	1F40
1
2
3
4	W03	903
5
6	W03	902
7
8	W03	901
9	N1	9	47
10	G31	22	13
11	N1	10	47
12
13	N1	25	49
14
15
16
17
18	N1	26	49
19
20	N2	9	47
21	F40	X	2
22	N2	10	47
23	W03	906
24
25	W03	905
26
27	W03	904
28
PL	1F41
1
2
3
4	W03	900
5
6	W03	908
7
8	W03	907
9	N2	25	47
10	G31	23	15
11	N2	26	47
12
13	N3	9	47
14
15
16
17
18	N3	10	47
19
20	N3	25	47
21	F41	X	2
22	N3	26	47
23	W03	93
24
25	W03	92
26
27	W03	91
28
PL	1F42
1
2
3
4	W03	96
5
6	W03	95
7
8	W03	94
9	N4	9	47
10	G31	24	15
11	N4	10	47
12
13	N4	25	47
14
15
16
17
18	N4	26	47
19
20	N5	9	45
21	F42	X	2
22	N5	10	45
23	W03	99
24
25	W03	98
26
27	W03	97
28
PD	1G1
1
2
3	C15	14	23
4	I14	22	19
5	I14	24	19
6	C15	3	23
7	G7	24	9
8
9	O34	14	47
10
11	G4	14	7
12	G4	13	7
13	G4	11	7
14	G7	14	9
15
16	G8	1	11
17	G4	19	7
18	G4	12	7
19	G4	18	7
20
21	C28	14	31
22	G4	17	7
23	C28	3	31
24
25
26
27
28
PD	1G2
1
2
3	I14	7	17
4	I14	5	17
5	G17	14	17
6	G17	3	17
7
8
9
10
11	G5	14	7
12	G5	13	7
13	G5	11	7
14	G4	22	7
15
16	G8	2	11
17	G5	19	7
18	G5	12	7
19	G5	18	7
20
21	G29	14	27
22	G5	17	7
23	G29	3	27
24
25
26
27	I14	6	17
28	I14	8	17
PD	1G3
1
2
3	G30	14	27
4	I16	3	17
5	I16	26	19
6	G30	3	27
7
8
9
10	I16	6	17
11	G6	14	7
12	G6	13	7
13	G6	11	7
14	G5	22	7
15
16	G8	4	9
17	G6	19	7
18	G7	13	7
19	R19	5	45
20	H14	3	15
21	R15	3	43
22	G7	26	7
23	C16	14	23
24	N29	3	39
25
26	N29	14	39
27	R7	13	47
28
PD	1G4
1
2
3	G7	3	7
4	G7	1	7
5	G7	2	7
6
7	G9	10	7
8	G11	18	11
9	G10	18	11
10	G10	10	11
11	G1	13	7
12	G1	18	7
13	G1	12	7
14	G1	11	7
15
16	G8	17	7
17	G1	22	7
18	G1	19	7
19	G1	17	7
20	G11	10	11
21	G7	4	7
22	G2	14	7
23
24	G12	10	13
25	G12	18	13
26	G13	18	13
27	G7	7	7
28	G7	5	7
PD	1G5
1
2
3	G7	11	7
4	G7	9	7
5	G7	6	7
6
7	G13	10	13
8	G10	11	9
9	G9	11	7
10	G9	19	7
11	G2	13	7
12	G2	18	7
13	G2	12	7
14	G2	11	7
15
16	G8	18	7
17	G2	22	7
18	G2	19	7
19	G2	17	7
20	G10	19	9
21	G7	23	7
22	G3	14	5
23	G7	21	7
24	G11	19	9
25	G11	11	9
26	G12	11	11
27	G7	8	7
28
PD	1G6
1
2
3	G7	10	5
4
5
6	G7	25	5
7	G12	19	9
8	G9	18	7
9	G13	11	11
10	G13	19	11
11	G3	13	7
12
13	G3	12	7
14	G3	11	7
15
16	G8	19	5
17
18	I15	19	15
19	G3	17	7
20
21
22
23
24
25
26
27
28
TB	1G7
1	G4	4	7
2	G4	5	7
3	G4	3	7
4	G4	21	7
5	G4	28	7
6	G5	5	7
7	G4	27	7
8	G5	27	7
9	G5	4	7
10	G6	3	7
11	G5	3	7
12
13	G3	18	7
14	G1	14	9
15
16
17
18
19	G7	27	3
20	O33	16	41
21	G5	23	7
22	I30	22	25
23	G5	21	7
24	G1	7	9
25	G6	6	5
26	G3	22	7
27	G7	19	3
28	G7	X	2
TC	1G8
1	G1	16	11
2	G2	16	7
3	H3	15	11
4	G3	16	9
5	G8	X	2
6	H11	16	9
7	H12	16	9
8	H13	16	11
9	F6	16	7
10	F7	16	7
11	J20	8	19
12	J21	8	19
13	J22	8	19
14	H4	15	11
15
16	G8	X	2
17	G4	16	7
18	G5	16	7
19	G6	16	7
20	F1	9	13
21	F1	22	13
22	F2	9	11
23	F2	22	13
24	F8	9	9
25	F8	22	9
26	F9	9	9
27	F9	22	9
28
PU	1G9
1	A8	23	23
2
3	D25	21	21
4
5
6
7
8
9
10	G4	7	7
11	G5	9	7
12
13
14
15	C3	26	21
16	G10	14	3
17	F15	2	11
18	G6	8	5
19	G5	10	7
20
21
22
23
24	A8	21	25
25	D25	23	21
26
27
28
PU	1G10
1	D8	23	13
2
3	A33	21	31
4
5
6
7
8
9
10	G4	10	11
11	G5	8	9
12
13
14	G9	16	3
15	F3	26	13
16	IV	97
17	F15	4	11
18	G4	9	11
19	G5	20	9
20
21
22
23
24	D8	21	11
25	A33	23	35
26
27
28
PU	1G11
1	A16	23	23
2
3	D33	21	25
4
5
6
7
8
9
10	G4	20	11
11	G5	25	9
12
13
14
15
16
17	F15	11	9
18	G4	8	11
19	G5	24	9
20
21
22
23
24	A16	21	23
25	D33	23	25
26
27
28
PU	1G12
1	D16	23	13
2
3	A42	21	37
4
5
6
7
8
9
10	G4	24	13
11	G5	26	13
12
13
14
15
16
17	F15	12	9
18	G4	25	13
19	G6	7	9
20
21
22
23
24	D16	21	15
25	A42	23	37
26
27
28
PU	1G13
1	A25	23	25
2
3	D42	21	31
4
5
6
7
8
9
10	G5	7	13
11	G6	9	13
12
13
14
15
16
17	F15	13	9
18	G4	26	13
19	G6	10	13
20
21
22
23
24	A25	21	27
25	D42	23	31
26
27
28
TA	1G14
1	G18	4	7
2	G18	3	7
3	F3	11	15
4	F3	5	15
5	F10	11	9
6	F10	5	9
7	F18	11	9
8	F18	5	9
9	F25	11	15
10	F25	5	15
11	F32	11	21
12	F32	5	21
13	H14	2	7
14	H14	1	7
15	F3	25	15
16	F3	19	15
17	F32	25	21
18	F32	19	21
19	F25	25	15
20	F25	19	15
21	F18	25	11
22	F18	19	11
23	F10	25	11
24	F10	19	11
25	H14	6	7
26	H14	4	7
27	G18	17	7
28	G18	12	7
TA	1G15
1	G18	24	7
2	G18	23	7
3	F4	11	15
4	F4	5	15
5	F11	11	9
6	F11	5	9
7	F19	11	9
8	F19	5	9
9	F26	11	15
10	F26	5	15
11	F33	11	21
12	F33	5	21
13	H14	8	7
14	H14	7	7
15	F4	25	15
16	F4	19	15
17	F33	25	21
18	F33	19	21
19	F26	25	15
20	F26	19	15
21	F19	25	9
22	F19	19	9
23	F11	25	11
24	F11	19	11
25	H14	10	7
26	H14	9	7
27	G19	4	7
28	G19	3	7
TA	1G16
1	G19	17	7
2	G19	12	7
3	F5	11	15
4	F5	5	15
5	F12	11	9
6	F12	5	9
7	F20	11	9
8	F20	5	9
9	F27	11	15
10	F27	5	15
11	F34	11	21
12	F34	5	21
13	H14	12	9
14	H14	11	9
15	F5	25	15
16	F5	19	15
17	F34	25	21
18	F34	19	21
19	F27	25	15
20	F27	19	15
21	F20	25	9
22	F20	19	9
23	F12	25	11
24	F12	19	11
25	H14	15	7
26	H14	13	7
27	G19	24	7
28	G19	23	7
TC	1G17
1	F3	27	17
2	F4	27	17
3	G2	6	17
4	F5	27	17
5	G17	X	2
6	F21	10	9
7	F22	10	9
8	C20	9	19
9	C20	22	19
10	C21	9	19
11	C21	22	19
12	F35	9	21
13	F36	9	21
14	G2	5	17
15
16	G17	X	2
17	C6	17	23
18	C7	17	23
19	C10	27	21
20	C11	27	21
21	C12	27	21
22	F16	7	9
23	F16	20	9
24	F17	7	9
25	F17	20	9
26	C34	10	25
27	C35	10	27
28
TI	1G18
1	C17	2	19
2	C17	1	19
3	G14	2	7
4	G14	1	7
5	G18	X	2
6	G18	X	2
7	G18	X	2
8	G18	X	2
9	I20	13	13
10	C17	28	19
11	I20	18	13
12	G14	28	7
13	I20	14	13
14	G18	X	2
15	C17	27	19
16	I20	17	13
17	G14	27	7
18	I21	14	13
19	G18	X	2
20	I21	13	13
21	C18	2	19
22	C18	1	19
23	G15	2	7
24	G15	1	7
25	G18	X	2
26	G18	X	2
27	G18	X	2
28	G18	X	2
TI	1G19
1	C18	28	19
2	C18	27	19
3	G15	28	7
4	G15	27	7
5	G19	X	2
6	G19	X	2
7	G19	X	2
8	G19	X	2
9	I21	17	13
10	C19	2	19
11	I22	14	13
12	G16	2	7
13	I21	18	13
14	G19	X	2
15	C19	1	19
16	I22	13	13
17	G16	1	7
18	I22	18	13
19	G19	X	2
20	I22	17	13
21	C19	28	19
22	C19	27	19
23	G16	28	7
24	G16	27	7
25	G19	X	2
26	G19	X	2
27	G19	X	2
28	G19	X	2
TC	1G20
1	F13	16	13
2	F14	16	11
3	H3	1	19
4	C25	10	19
5	G20	X	2
6	C26	10	19
7	C34	16	23
8	C35	16	23
9	C41	16	27
10	C42	16	27
11	F28	16	13
12	F29	16	13
13	F35	16	17
14	H5	12	17
15	F36	16	17
16	G20	X	2
17	F6	17	17
18	F7	17	17
19	F13	17	13
20	F14	17	11
21	F21	17	9
22	F22	17	9
23	F28	17	13
24	F29	17	13
25	F35	17	19
26	F36	17	19
27
28
TC	1G21
1	C6	4	25
2	F6	4	19
3	G27	1	9
4	C13	4	23
5	G21	X	2
6	F13	4	13
7	C25	4	21
8	F21	4	7
9	C34	4	23
10	C41	4	27
11	F28	4	13
12	F35	4	17
13
14	G27	2	9
15
16	G21	X	2
17	C6	2	25
18	F6	2	19
19	C13	2	23
20	F13	2	13
21	C25	2	21
22	F21	2	9
23	C34	2	23
24	C41	2	29
25	F28	2	13
26	F35	2	17
27
28
TC	1G22
1	C6	6	25
2	F6	6	19
3	G27	14	9
4	C13	6	23
5	G22	X	2
6	F13	6	13
7	C25	6	21
8	F21	6	9
9	C34	6	23
10	C41	6	27
11	F28	6	11
12	F35	6	17
13
14	G27	19	9
15
16	G22	X	2
17	C6	19	25
18	F6	19	19
19	C13	19	21
20	F13	19	13
21	C25	19	19
22	F21	19	7
23	C34	19	21
24	C41	19	25
25	F28	19	11
26	F35	19	17
27
28
TC	1G23
1	C6	27	25
2	F6	27	19
3	G27	27	7
4	C13	27	21
5	G23	X	2
6	F13	27	15
7	C25	27	19
8	F21	27	7
9	C34	27	21
10	C41	27	25
11	F28	27	9
12	F35	27	15
13
14	G27	28	7
15
16	G23	X	2
17	C6	22	25
18	F6	22	19
19	C13	22	21
20	F13	22	15
21	C25	22	19
22	F21	22	7
23	C34	22	21
24	C41	22	27
25	F28	22	11
26	F35	22	15
27
28
TC	1G24
1	C7	4	25
2	F7	4	19
3	G28	1	7
4	C14	4	23
5	G24	X	2
6	F14	4	15
7	C26	4	19
8	F22	4	7
9	C35	4	23
10	C42	4	25
11	F29	4	11
12	F36	4	15
13
14	G28	2	7
15
16	G24	X	1
17	C7	2	25
18	F7	2	19
19	C14	2	23
20	F14	2	23
21	C26	2	19
22	F22	2	9
23	C35	2	23
24	C42	2	25
25	F29	2	11
26	F36	2	15
27
28
TC	1G25
1	C7	6	27
2	F7	6	21
3	G28	14	7
4	C14	6	23
5	G25	X	2
6	F14	6	15
7	C26	6	19
8	F22	6	9
9	C35	6	21
10	C42	6	25
11	F29	6	9
12	F36	6	15
13
14	G28	19	7
15
16	G25	X	2
17	C7	19	25
18	F7	19	21
19	C14	19	23
20	F14	19	15
21	C26	19	19
22	F22	19	9
23	C35	19	21
24	C42	19	25
25	F29	19	11
26	F36	19	15
27
28
TC	1G26
1	C7	27	25
2	F7	27	21
3	G28	27	5
4	C14	27	23
5	G26	X	2
6	F14	27	15
7	C26	27	19
8	F22	27	11
9	C35	27	21
10	C42	27	25
11	F29	27	7
12	F36	27	15
13
14	G28	28	5
15
16	G26	X	2
17	C7	22	27
18	F7	22	23
19	C14	22	23
20	F14	22	23
21	C26	22	19
22	F22	22	11
23	C35	22	21
24	C42	22	25
25	F29	22	9
26	F36	22	21
27
28
PA	1G27
1	G21	3	9
2	G21	14	9
3
4
5	H21	10	11
6
7	G31	17	7
8	H21	13	11
9	G27	X	2
10
11
12	H21	17	11
13
14	G22	3	9
15
16
17
18
19	G22	14	9
20	G31	18	7
21	H21	20	13
22	G27	X	2
23	H22	10	11
24	H22	13	11
25
26
27	G23	3	7
28	G23	14	7
PA	1G28
1	G24	3	7
2	G24	14	7
3	N13	2	3
4
5	H22	20	11
6	N13	1	3
7	G31	19	7
8	H22	17	11
9	G28	X	2
10	N13	12	3
11
12	H23	13	11
13
14	G25	3	7
15
16
17	N13	17	3
18
19	G25	14	7
20	G31	20	7
21	H23	10	11
22	G28	X	2
23	H23	20	11
24	H23	17	11
25	N13	28	3
26	N13	27	3
27	G26	3	7
28	G26	14	7
TC	1G29
1	F6	9	25
2	F7	9	25
3	G2	23	29
4	F10	27	21
5	G29	X	2
6	F11	27	21
7	F12	27	19
8	C29	9	19
9	C29	22	19
10	C30	9	19
11	C30	22	19
12	F28	10	7
13	F29	10	7
14	G2	21	29
15
16	G29	X	2
17	C13	17	25
18	C14	17	25
19	C22	27	21
20	C23	27	21
21	C24	27	19
22	C41	10	25
23	C42	10	25
24	F23	7	13
25	F23	20	11
26	F24	7	11
27	F24	20	11
28
TC	1G30
1	F13	9	21
2	F14	9	19
3	G3	6	29
4	F18	27	17
5	G30	X	2
6	F19	27	15
7	F20	27	15
8	C36	7	21
9	C36	20	19
10	C37	7	21
11	C37	20	19
12	F35	10	9
13	F36	10	11
14	G3	3	29
15
16	G30	X	2
17	C6	16	31
18	C7	16	29
19	C25	17	19
20	C26	17	19
21	C31	27	19
22	C32	27	19
23	C33	27	19
24	F30	7	9
25	F30	20	7
26	F31	7	9
27	F31	20	7
28
TC	1G31
1	G33	16	7
2	G34	16	7
3	I25	18	15
4	G35	16	9
5	G31	X	2
6	G36	16	9
7	G37	16	9
8	G38	16	11
9	G39	16	11
10	G40	16	13
11	G41	16	13
12	G42	16	15
13	I29	25	13
14	H4	17	29
15	I30	18	13
16	G31	X	2
17	G27	7	7
18	G27	20	7
19	G28	7	7
20	G28	20	7
21	I29	6	84
22	F40	10	13
23	F41	10	15
24	F42	10	15
25
26
27
28
TC	1G32
1
2
3	H3	10	29
4
5	G32	X	2
6
7
8
9
10
11
12
13
14	H3	9	29
15
16	G32	X	2
17	G33	15	5
18	G34	15	7
19	G35	15	7
20	G36	15	7
21	G37	15	9
22	G38	15	93
23	G39	15	11
24	G40	15	11
25	G41	15	13
26	G42	15	13
27
28
PI	1G33
1	H35	5	7
2
3
4
5	W04	90
6
7	W04	91
8
9	H35	8	7
10	W04	92
11
12
13	H35	12	9
14
15	G32	17	5
16	G31	1	7
17
18	H35	21	9
19
20
21	W04	93
22	H35	23	9
23
24	W04	94
25
26	W04	95
27
28	H35	24	9
PI	1G34
1	H36	5	7
2
3
4
5	W04	96
6
7	W04	97
8
9	H36	8	7
10	W04	98
11
12
13	H36	12	9
14
15	G32	18	7
16	G31	2	7
17
18	H36	21	9
19
20
21	W04	99
22	H36	23	9
23
24	W04	900
25
26	W04	901
27
28	H36	24	9
PI	1G35
1	H37	5	7
2
3
4
5	W04	902
6
7	W04	903
8
9	H37	8	7
10	W04	904
11
12
13	H37	12	9
14
15	G32	19	7
16	G31	4	9
17
18	H37	21	9
19
20
21	W05	90
22	H37	23	9
23
24	W05	91
25
26	W05	92
27
28	H37	24	9
PI	1G36
1	H38	5	7
2
3
4
5	W05	93
6
7	W05	94
8
9	H38	8	7
10	W05	95
11
12
13	H38	12	9
14
15	G32	20	7
16	G31	6	9
17
18	H38	21	9
19
20
21	W05	96
22	H38	23	9
23
24	W05	97
25
26	W05	98
27
28	H38	24	9
PI	1G37
1	H39	5	7
2
3
4
5	W05	99
6
7	W05	900
8
9	H39	8	7
10	W05	901
11
12
13	H39	12	9
14
15	G32	21	9
16	G31	7	9
17
18	H39	21	9
19
20
21	W05	902
22	H39	23	9
23
24	W05	903
25
26	W05	904
27
28	H39	24	9
PI	1G38
1	H40	5	7
2
3
4
5	W06	900
6
7	W06	901
8
9	H40	8	7
10	W06	902
11
12
13	H40	12	9
14
15	G32	22	9
16	G31	8	11
17
18	H40	21	9
19
20
21	W06	903
22	H40	23	9
23
24	W06	904
25
26	W061	905
27
28	H40	24	9
PI	1G39
1	H41	5	7
2
3
4
5	W06	906
6
7	W06	907
8
9	H41	8	7
10	W06	90
11
12
13	H41	12	7
14
15	G32	23	11
16	G31	9	13
17
18	H41	21	9
19
20
21	W06	91
22	H41	23	9
23
24	W06	92
25
26	W06	93
27
28	H41	24	9
PI	1G40
1	H42	5	7
2
3
4
5	W06	94
6
7	W06	95
8
9	H42	8	7
10	W06	96
11
12
13	H42	12	7
14
15	G32	24	11
16	G31	10	13
17
18	H42	21	9
19
20
21	W07	900
22	H42	23	9
23
24	W07	901
25
26	W07	902
27
28	H42	24	9
PI	1G41
1	H24	1	19
2
3
4
5	W07	903
6
7	W07	904
8
9	H24	2	19
10	W07	905
11
12
13	H24	12	19
14
15	G32	25	13
16	G31	11	13
17
18	H24	17	19
19
20
21	W07	96
22	H24	27	21
23
24	W07	907
25
26	W07	90
27
28	H24	28	21
PI	1G42
1	H25	1	19
2
3
4
5	W07	91
6
7	W07	92
8
9	H25	2	19
10	W07	93
11
12
13	H25	12	19
14
15	G32	26	13
16	G31	12	15
17
18	H25	17	19
19
20
21	W07	94
22	H25	27	21
23
24	W07	95
25
26	W07	96
27
28	H25	28	21
TI	1H1
1	H2	6	3
2	H2	5	3
3	H1	X	2
4	H1	X	2
5	H1	X	2
6	H1	X	2
7	H1	X	2
8	H1	X	2
9	H3	16	5
10	H2	16	3
11	H4	5	7
12	H1	X	2
13	H3	5	5
14	H1	X	2
15	H2	15	3
16	H4	16	7
17	H1	X	2
18	H2	1	5
19	H1	X	2
20	H5	5	7
21	H2	9	5
22	H2	23	3
23	H1	X	2
24	H1	X	2
25	H1	X	2
26	H1	X	2
27	H1	X	2
28	H1	X	2
TD	1H2
1	H1	18	5
2	H2	8	3
3	H2	X	2
4	H2	X	2
5	H1	2	3
6	H1	1	3
7	H2	25	5
8	H2	2	3
9	H1	21	5
10
11	H3	14	3
12	H3	3	5
13
14
15	H1	15	3
16	H1	10	3
17	H4	14	5
18	H2	26	3
19	H5	3	7
20	H4	3	5
21	I16	28	19
22
23	H1	22	3
24
25	H2	7	5
26	H2	18	3
27	H2	X	2
28	H2	X	2
TC	1H3
1	G20	3	21
2	P7	3	33
3	H2	12	5
4	Q21	3	39
5	H1	13	5
6	P14	3	33
7	O21	3	33
8	N14	3	27
9	G32	14	31
10	G32	3	31
11	F15	3	19
12
13
14	H2	11	3
15	G8	3	13
16	H1	9	5
17	Q7	3	35
18	R16	3	41
19	Q26	3	41
20	P21	3	35
21	N6	14	27
22
23
24
25
26
27
28
TC	1H4
1	C16	3	27
2	C27	14	31
3	H2	20	5
4	Q7	14	35
5	H1	11	7
6	R16	14	59
7	Q21	14	39
8	O7	3	31
9	P14	14	35
10	O21	14	33
11	F15	14	17
12
13
14	H2	17	5
15	G8	14	11
16	H1	16	7
17	G31	14	21
18	P7	14	33
19	Q26	14	41
20	O7	14	29
21	P21	14	35
22	N6	3	25
23	N14	14	27
24	L5	3	19
25	L5	14	19
26	L32	14	51
27	K32	14	31
28	J15	14	17
TC	1H5
1	K32	3	29
2	J32	14	29
3	H2	19	7
4	I32	3	27
5	H1	20	9
6	I32	14	27
7	H14	14	9
8	H32	3	27
9	H32	14	27
10
11	C27	3	31
12	G20	14	17
13
14	L17	21	23
15
16	H5	X	2
17	I1	9	9
18	I2	25	9
19	I2	7	9
20	I2	9	9
21	I3	25	9
22	I3	7	7
23	I3	9	7
24	I4	25	9
25	I4	7	7
26	I4	9	7
27	I5	25	9
28	I5	7	7
TH	1H6
1	I8	7	7
2	J6	9	11
3	L18	19	23
4	J6	7	11
5	I9	24	11
6	I14	16	13
7	J6	4	11
8	J3	11	13
9	I10	24	11
10	J3	9	13
11	I11	24	11
12	J3	7	11
13	L17	17	23
14	J6	11	13
15	J6	28	13
16	K15	7	17
17	K13	7	17
18	K15	24	19
19	K13	24	17
20	K14	7	17
21	H6	25	3
22	H6	26	3
23	K12	7	15
24	K14	24	19
25	H6	21	3
26	H6	22	3
27	K12	24	17
28	J8	7	15
QK	1H7
1
2
3	H8	26	5
4
5	H9	26	7
6
7	H10	26	7
8
9	H11	14	9
10
11
12
13	H11	11	9
14	H11	12	9
15
16
17
18	H11	19	9
19
20	H11	18	9
21
22
23
24	H11	13	9
25	I16	5	13
26	H7	X	2
27	H7	X	2
28	H7	X	2
QK	1H8
1
2
3	H9	27	5
4
5	H10	27	5
6
7
8
9	H11	17	7
10
11
12
13	H11	22	7
14	H12	11	9
15
16
17
18	H12	12	9
19
20	H12	13	9
21
22
23
24	H12	14	9
25	I16	9	13
26	H7	3	5
27	H8	X	2
28	H8	X	7
QK	1H9
1
2
3	H10	28	5
4
5
6
7
8
9	H12	18	7
10
11
12
13	H12	19	7
14	H12	22	7
15
16
17
18	H13	11	7
19
20	H13	14	7
21
22
23
24	H12	17	7
25	I16	11	11
26	H7	5	7
27	H8	3	5
28	H9	X	2
QK	1H10
1
2
3
4
5
6
7
8
9	H13	13	7
10
11
12
13	H13	12	7
14	H13	19	7
15
16
17
18	H13	22	7
19
20	H13	17	7
21
22
23
24	H13	18	7
25	I16	13	11
26	H7	7	7
27	H8	5	5
28	H9	3	5
PD	1H11
1
2
3	M29	7	27
4	M29	8	27
5
6
7	J16	1	13
8
9
10	J16	3	13
11	H7	13	9
12	H7	14	9
13	H7	24	9
14	H7	9	9
15
16	G8	6	9
17	H8	9	7
18	H7	20	9
19	H7	18	9
20	J16	5	13
21
22	H8	13	7
23	M29	22	29
24	J16	7	13
25
26
27	M29	21	29
28
PD	1H12
1
2
3	M30	7	27
4	M30	8	27
5
6
7
8
9	J16	9	13
10	I15	3	7
11	H8	14	9
12	H8	18	9
13	H8	20	9
14	H8	24	9
15
16	G8	7	9
17	H9	24	7
18	H9	9	7
19	H9	13	7
20	I15	5	7
21
22	H9	14	7
23	M30	22	29
24	I15	7	7
25
26
27	M30	21	29
28
PD	1H13
1
2
3	M31	7	27
4	M31	8	27
5
6
7
8	I15	2	9
9	I15	9	9
10
11	H9	18	7
12	H10	13	7
13	H10	9	7
14	H9	20	7
15
16	G8	8	11
17	H10	20	7
18	H10	24	7
19	H10	14	7
20
21
22	H10	18	7
23	M31	22	29
24
25	I15	4	9
26	I15	6	9
27	M31	21	29
28
TC	1H14
1	G14	14	7
2	G14	13	7
3	G3	20	15
4	G14	26	7
5	H14	X	2
6	G14	25	7
7	G15	14	7
8	G15	13	7
9	G15	26	7
10	G15	25	7
11	G16	14	9
12	G16	13	9
13	G16	26	7
14	H5	7	13
15	G16	25	7
16	H14	X	2
17	J20	10	15
18	J21	10	13
19	J22	10	15
20
21
22
23
24
25
26
27
28
TC	1H15
1	C1	8	27
2	F1	8	19
3	J20	13	13
4	C8	8	25
5	H15	X	2
6	F8	8	15
7	C20	8	23
8	F16	8	9
9	C29	8	27
10	C36	8	31
11	F23	8	15
12	F30	8	19
13
14	J20	14	13
15
16	H15	X	2
17	C1	5	25
18	F1	5	19
19	C8	5	25
20	F8	5	15
21	C20	5	25
22	F16	5	13
23	C29	5	27
24	C36	5	31
25	F23	5	15
26	F30	5	19
27
28
TC	1H16
1	C1	12	27
2	F1	12	19
3	J20	17	13
4	C8	12	23
5	H16	X	2
6	F8	12	15
7	C20	12	23
8	F16	12	13
9	C29	12	27
10	C36	12	31
11	F23	12	13
12	F30	12	19
13
14	J20	20	13
15
16	H16	X	2
17	C1	21	25
18	F1	21	19
19	C8	21	27
20	F8	21	15
21	C20	21	23
22	F16	21	11
23	C29	21	29
24	C36	21	31
25	F23	21	13
26	F30	21	17
27
28
TC	1H17
1	C1	24	27
2	F1	24	19
3	J21	13	13
4	C8	24	23
5	H17	X	2
6	F8	24	15
7	C20	24	23
8	F16	24	11
9	C29	24	25
10	C36	24	29
11	F23	24	13
12	F30	24	17
13
14	J21	14	13
15
16	H17	X	2
17	C1	23	27
18	F1	23	19
19	C8	23	23
20	F8	23	15
21	C20	23	23
22	F16	23	13
23	C29	23	25
24	C36	23	27
25	F23	23	13
26	F30	23	17
27
28
TC	1H18
1	C2	8	29
2	F2	8	21
3	J21	17	13
4	C9	8	25
5	H18	X	2
6	F9	8	17
7	C21	8	23
8	F17	8	13
9	C30	8	25
10	C37	8	29
11	F24	8	15
12	F31	8	19
13
14	J21	20	13
15
16	H18	X	2
17	C2	5	27
18	F2	5	21
19	C9	5	25
20	F9	5	15
21	C21	5	23
22	F17	5	13
23	C30	5	27
24	C37	5	29
25	F24	5	15
26	F31	5	17
27
28
TC	1H19
1	C2	12	27
2	F2	12	21
3	J22	13	13
4	C9	12	25
5	H19	X	2
6	F9	12	17
7	C21	12	23
8	F17	12	13
9	C30	12	25
10	C37	12	29
11	F24	12	13
12	F31	12	17
13
14	J22	14	13
15
16	H19	X	2
17	C2	21	27
18	F2	21	21
19	C9	21	25
20	F9	21	17
21	C21	21	23
22	F17	21	13
23	C30	21	25
24	C37	21	29
25	F24	21	13
26	F31	21	17
27
28
TC	1H20
1	C2	24	27
2	F2	24	21
3	J22	17	13
4	C9	24	25
5	H20	X	2
6	F9	24	17
7	C21	24	24
8	F17	24	13
9	C30	24	23
10	C37	24	27
11	F24	24	13
12	F31	24	17
13
14	J22	20	13
15
16	H20	X	2
17	C2	23	27
18	F2	23	21
19	C9	23	29
20	F9	23	29
21	C21	23	25
22	F17	23	15
23	C30	23	23
24	C37	23	27
25	F24	23	13
26	F31	23	15
27
28
TG	1H21
1	M29	9	3
2	M29	14	13
3	I19	5	7
4	I19	14	9
5	H24	8	7
6	H24	9	7
7	H26	10	9
8	H26	13	9
9
10	G27	5	11
11	J15	9	13
12	N27	1	25
13	G27	8	11
14
15	J15	13	15
16	J17	22	13
17	G27	12	11
18
19
20	G27	21	11
21	H26	20	9
22	H26	17	9
23	H24	19	7
24	H24	10	7
25	I19	22	9
26	I19	2	7
27	M29	19	23
28	M29	18	23
TG	1H22
1	M30	9	25
2	M30	14	25
3	I19	23	9
4	I19	16	9
5	H24	20	7
6	H24	21	7
7	H27	10	9
8	H27	13	9
9
10	G27	23	11
11	J15	12	15
12	N27	13	27
13	G27	24	11
14
15	J15	15	15
16	J17	21	13
17	G28	8	11
18
19
20	G28	5	11
21	H27	20	9
22	H27	17	9
23	H25	8	7
24	H25	9	7
25	I24	11	7
26	I24	7	7
27	M30	19	25
28	M30	18	25
TG	1H23
1	M31	9	23
2	M31	14	23
3	I24	17	9
4	I24	10	7
5	H25	19	7
6	H25	10	7
7	H28	10	9
8	H28	13	9
9
10	G28	21	11
11	J15	10	15
12	N27	14	27
13	G28	12	11
14
15	J15	11	15
16	J17	15	15
17	G28	24	11
18
19
20	G28	23	11
21	H28	20	9
22	H28	17	9
23	H25	20	7
24	H25	21	7
25	I23	27	7
26	I24	20	7
27	M31	19	23
28	M31	18	23
TE	1H24
1	G41	1	19
2	G41	9	19
3	N18	10	27
4	N18	7	27
5	N1	12	33
6	N1	11	33
7	N1	19	33
8	H21	5	7
9	H21	6	7
10	H21	24	7
11
12	G41	13	19
13	N18	20	27
14	L22	4	19
15	K29	17	17
16	H31	14	11
17	G41	18	19
18	N18	24	27
19	H21	23	7
20	H22	5	7
21	H22	6	7
22	N1	22	33
23	N2	12	33
24	N2	11	33
25	N19	10	27
26	N19	7	27
27	G41	22	19
28	G41	28	19
TE	1H25
1	G42	1	19
2	G42	9	19
3	N19	24	27
4	N19	20	27
5	N2	22	35
6	N2	19	35
7	N3	11	33
8	H22	23	7
9	H22	24	7
10	H23	6	7
11
12	G42	13	19
13	N20	7	27
14	L22	2	21
15	K29	15	17
16	H31	8	9
17	G42	18	19
18	N20	10	27
19	H23	5	7
20	H23	23	7
21	H23	24	7
22	N3	12	33
23	N3	22	33
24	N3	19	33
25	N20	24	27
26	N20	20	27
27	G42	22	19
28	G42	28	19
TG	1H26
1	H41	2	17
2	H41	1	17
3	I41	2	17
4	I41	1	17
5	I35	2	13
6	I35	1	13
7	H33	2	11
8	H33	1	11
9
10	H21	7	9
11	L25	2	19
12	I31	14	11
13	H21	8	11
14
15	I25	14	9
16	H30	14	9
17	H21	22	9
18
19
20	H21	21	9
21	H33	19	11
22	H33	14	11
23	I35	19	13
24	I35	14	13
25	I41	19	17
26	I41	14	17
27	H41	19	17
28	H41	14	17
TG	1H27
1	H41	28	17
2	H41	27	17
3	I41	28	17
4	I41	27	17
5	I35	28	13
6	I35	27	13
7	H33	28	11
8	H33	27	11
9
10	H22	7	9
11	L25	4	19
12	I31	8	9
13	H22	8	9
14
15	I25	16	9
16	H30	8	7
17	H22	22	9
18
19
20	H22	21	9
21	H34	2	11
22	H34	1	11
23	I36	2	13
24	I36	1	13
25	I42	2	17
26	I42	1	17
27	H42	2	17
28	H42	1	17
TG	1H28
1	H42	19	17
2	H42	14	17
3	I42	19	17
4	I42	14	17
5	I36	19	13
6	I36	14	13
7	H34	19	11
8	H34	14	11
9
10	H23	7	9
11	L25	10	19
12	I31	7	9
13	H23	8	9
14
15	I25	3	7
16	H30	7	7
17	H23	22	9
18
19
20	H23	21	9
21	H34	28	11
22	H34	27	11
23	I36	28	13
24	I36	27	13
25	I42	28	17
26	I42	27	17
27	H42	28	17
28	H42	27	17
PV	1H29
1	L17	13	21
2	I25	28	11
3	M21	11	25
4	J24	15	15
5	I23	16	13
6	J17	14	19
7	I27	9	9
8	M21	10	25
9
10	I22	24	13
11	J23	1	15
12	I22	8	13
13	N11	23	33
14	I23	21	13
15
16	W07	97
17	L26	24	21
18	W06	97
19	K27	26	17
20	W04	905
21
22	W05	907
23
24
25	I23	4	13
26
27	I23	13	13
28	L27	14	19
TH	1H30
1	L29	2	19
2	I33	9	9
3	H30	18	5
4	I34	22	9
5	H33	9	5
6	L25	5	19
7	H28	16	7
8	H27	16	7
9	H33	22	7
10	I34	9	9
11	H34	9	7
12	I33	22	9
13	H34	22	7
14	H26	16	9
15	J29	25	13
16	H30	28	5
17	I36	9	11
18	H30	3	5
19	I35	22	11
20	H30	26	3
21	J29	1	11
22
23	I35	9	11
24
25	L29	1	19
26	H30	20	3
27	I36	22	11
28	H30	16	5
TH	1H31
1	L29	28	21
2	H37	9	9
3	K29	22	17
4	H38	22	9
5	H35	9	7
6	K29	20	17
7
8	H25	16	9
9	H35	22	7
10	H38	9	9
11	H36	9	9
12	H37	22	9
13	H36	22	9
14	H24	16	11
15
16	H41	9	13
17	H40	9	13
18	H41	22	13
19	H39	22	11
20	H42	9	13
21	I25	2	11
22	J29	27	13
23	H39	9	11
24	H42	22	13
25	K29	18	17
26	K29	24	17
27	H40	22	13
28	K29	16	17
TC	1H32
1	H33	7	5
2	H33	20	5
3	H5	8	27
4	H34	7	7
5	H32	X	2
6	H34	20	7
7	H35	7	7
8	H35	20	7
9	H36	7	9
10	H36	20	9
11	H37	7	9
12	H37	20	9
13	H38	7	11
14	H5	9	27
15	H38	20	11
16	H32	X	2
17	I25	6	11
18
19	I30	10	96
20
21	H39	7	11
22	H39	20	11
23	H40	7	13
24	H40	20	13
25	H41	7	15
26	H41	20	13
27	H42	7	13
28	H42	20	13
PA	1H33
1	H26	8	11
2	H26	7	11
3
4
5	I33	2	7
6
7	H32	1	5
8	I33	1	7
9	H30	5	7
10
11
12	I33	14	7
13
14	H26	22	11
15
16
17
18
19	H26	21	11
20	H32	2	5
21	I33	19	9
22	H30	9	7
23	I33	28	9
24	I33	27	9
25
26
27	H27	8	11
28	H27	7	11
PA	1H34
1	H27	22	11
2	H27	21	11
3
4
5	I34	2	7
6
7	H32	4	7
8	I34	1	7
9	H30	11	7
10
11
12	I34	14	9
13
14	H28	8	11
15
16
17
18
19	H28	7	11
20	H32	6	7
21	I34	19	9
22	H30	13	7
23	I34	28	9
24	I34	27	9
25
26
27	H28	22	11
28	H28	21	11
PA	1H35
1	I37	8	7
2	I37	5	7
3
4
5	G33	1	7
6
7	H32	7	7
8	G33	9	7
9	H31	5	7
10	I37	12	7
11
12	G33	13	9
13
14
15
16
17	I37	21	7
18
19
20	H32	8	7
21	G33	18	9
22	H31	9	7
23	G33	22	9
24	G33	28	9
25	I37	24	7
26	I37	23	7
27
28
PA	1H36
1	I38	8	7
2	I38	5	7
3
4
5	G34	1	7
6
7	H32	9	9
8	G34	9	7
9	H31	11	9
10
11
12	G34	13	9
13
14	I38	12	9
15
16
17
18
19	I38	21	9
20	H32	10	9
21	G34	18	9
22	H31	13	9
23	G34	22	9
24	G34	28	9
25
26
27	I38	24	7
28	I38	23	7
PA	1H37
1	I39	8	7
2	I39	5	7
3
4
5	G35	1	7
6
7	H32	11	9
8	G35	9	7
9	H31	2	9
10
11
12	G35	13	9
13
14	I39	12	9
15
16
17
18
19	I39	21	9
20	H32	12	9
21	G35	18	9
22	H31	12	9
23	G35	22	9
24	G35	28	9
25
26
27	I39	24	7
28	I39	23	7
PA	1H38
1	I40	8	7
2	I40	5	7
3
4
5	G36	1	7
6
7	H32	13	11
8	G36	9	7
9	H31	10	9
10
11
12	G36	13	9
13
14	I40	12	9
15
16
17
18
19	I40	21	9
20	H32	15	11
21	G36	18	9
22	H31	4	9
23	G36	22	9
24	G36	28	9
25
26
27	I40	24	9
28	I40	23	9
PA	1H39
1	I41	8	7
2	I41	5	7
3
4
5	G37	1	7
6
7	H32	21	11
8	G37	9	7
9	H31	23	11
10
11
12	G37	13	11
13
14	I41	12	9
15
16
17
18
19	I41	21	9
20	H32	22	11
21	G37	18	11
22	H31	19	11
23	G37	22	11
24	G37	28	11
25
26
27	I41	24	9
28	I41	23	9
PA	1H40
1	I42	8	7
2	I42	5	7
3
4
5	G38	1	7
6
7	H32	23	13
8	G38	9	11
9	H31	17	13
10
11
12	G38	13	9
13
14	I42	12	9
15
16
17
18
19	I42	21	9
20	H32	24	13
21	G38	18	9
22	H31	27	13
23	G38	22	9
24	G38	28	9
25
26
27	I42	24	9
28	I42	23	9
PA	1H41
1	H26	2	19
2	H26	1	19
3
4
5	G39	1	7
6
7	H32	25	13
8	G39	9	7
9	H31	16	13
10
11
12	G39	13	7
13
14	H26	28	19
15
16
17
18
19	H26	27	19
20	H32	26	11
21	G39	18	9
22	H31	18	13
23	G39	22	9
24	G39	28	9
25
26
27	H27	2	17
28	H27	1	17
PA	1H42
1	H27	28	19
2	H27	27	19
3
4
5	G40	1	7
6
7	H32	27	15
8	G40	9	7
9	H31	20	15
10
11
12	G40	13	7
13
14	H28	2	17
15
16
17
18
19	H28	1	17
20	H32	28	15
21	G40	18	9
22	H31	24	15
23	G40	22	9
24	G40	28	9
25
26
27	H28	28	17
28	H28	27	17
QF	1I1
1	I6	18	9
2	I7	8	11
3	I9	1	13
4	I7	13	11
5	I10	2	13
6
7	I11	13	15
8
9	H5	17	9
10	J1	23	9
11	I2	8	5
12
13	I7	16	11
14	J4	17	9
15	J7	8	11
16	J4	23	11
17	I10	1	13
18	I2	1	5
19	I11	2	15
20	J1	17	9
21	I11	8	15
22	J2	21	9
23	I9	2	13
24
25	I10	13	13
26	J1	5	7
27	J7	16	11
28	J7	13	11
QF	1I2
1	I1	18	5
2	I7	4	9
3	I9	18	11
4	I7	12	9
5	I10	5	15
6	J1	25	9
7	H5	19	9
8	I1	11	5
9	H5	20	9
10	J4	5	7
11	I3	8	3
12
13	I7	18	9
14	J2	3	7
15	J7	4	9
16	J1	19	9
17	I10	18	13
18	I3	1	5
19	I11	5	15
20	J5	21	9
21	I11	1	13
22	J5	3	7
23	I9	5	11
24	J4	25	9
25	H5	18	9
26	J4	19	9
27	J7	18	11
28	J7	12	11
QF	1I3
1	I2	18	5
2	I7	2	7
3	I9	26	11
4	I7	10	7
5	I10	16	11
6	J4	7	7
7	H5	22	7
8	I2	11	3
9	H5	23	7
10	J2	23	9
11	I4	8	3
12	J1	7	7
13	I7	20	7
14	J5	17	9
15	J7	2	9
16	J5	23	9
17	I10	26	11
18	I4	1	5
19	I11	16	11
20	J2	17	9
21	I11	18	11
22	J3	21	9
23	I9	16	11
24	J1	9	7
25	H5	21	9
26	J2	5	7
27	J7	20	9
28	J7	10	7
QF	1I4
1	I3	18	5
2	I7	22	7
3	I9	21	9
4	I7	11	7
5	I10	28	9
6	J2	25	9
7	H5	25	7
8	I3	11	3
9	H5	26	7
10	J5	5	7
11	I5	8	3
12	J4	9	7
13	I7	15	7
14	J3	3	7
15	J7	22	9
16	J2	19	9
17	I10	21	9
18	I5	1	5
19	I11	28	11
20	J6	21	9
21	I11	26	11
22	J6	3	7
23	I9	28	9
24	J5	25	9
25	H5	24	9
26	J5	19	9
27	J7	15	9
28	J7	11	9
QF	1I5
1	I4	18	5
2	I7	26	5
3	I9	17	9
4	I7	9	5
5	I10	27	9
6	J5	7	7
7	H5	28	7
8	I4	11	3
9	L18	20	21
10	J3	23	9
11	I6	8	3
12	J2	7	7
13	I7	17	5
14	J6	17	9
15	J7	26	9
16	J6	23	9
17	I10	17	9
18	I6	1	5
19	I11	27	11
20	J3	17	9
21	I11	21	11
22	J1	21	9
23	I9	27	9
24	J2	9	9
25	H5	27	9
26	J3	5	7
27	J7	17	9
28	J7	9	9
QF	1I6
1	I5	18	5
2	I7	28	5
3	I9	8	7
4	I10	9	9
5	I10	15	9
6	J3	25	9
7	L17	22	19
8	I5	11	3
9	L17	24	19
10	J6	5	7
11	I10	14	9
12	J5	9	7
13	I7	27	5
14	J1	3	9
15	J7	28	9
16	J3	19	9
17	I10	8	9
18	I1	1	9
19	I11	15	9
20	J4	21	9
21	I11	17	9
22	J4	3	7
23	I9	15	7
24	J6	25	9
25	L18	27	21
26	J6	19	9
27	J7	27	9
28	L18	17	19
QG	1I7
1	K8	15	13
2	I3	2	7
3	I17	4	13
4	I2	2	9
5	J15	24	13
6
7	I10	6	7
8	I1	2	11
9	I5	4	5
10	I3	4	7
11	I4	4	7
12	I2	4	9
13	I1	4	11
14
15	I4	13	7
16	I1	13	11
17	I5	13	5
18	I2	13	9
19
20	I3	13	7
21
22	I4	2	7
23	M13	13	19
24
25	I11	22	7
26	I5	2	5
27	I6	13	5
28	I6	2	5
QG	1I8
1	K8	16	13
2	J3	2	9
3	I17	27	13
4	J2	2	9
5	J15	25	11
6
7	H6	1	7
8	J1	2	11
9	J5	4	9
10	J3	4	9
11	J4	4	9
12	J2	4	11
13	J1	4	13
14
15	J4	13	9
16	J1	13	13
17	J5	13	9
18	J2	13	11
19
20	J3	13	11
21
22	J4	2	9
23	M13	4	19
24
25	I11	14	7
26	J5	2	9
27	J6	13	9
28	J6	2	9
QE	1I9
1	I1	3	13
2	I1	23	13
3	K1	3	15
4	K2	3	15
5	I2	23	13
6	I14	11	11
7	I9	X	2
8	I6	3	7
9	I10	11	5
10	J15	26	13
11	I9	22	5
12	K6	3	13
13
14	I11	11	5
15	I6	23	7
16	I3	23	11
17	I5	3	9
18	I2	3	11
19	K3	3	13
20	I9	X	2
21	I4	3	9
22	I9	11	5
23	K4	3	13
24	H6	5	11
25	K5	3	13
26	I3	3	11
27	I5	23	9
28	I4	23	9
QE	1I10
1	I1	17	13
2	I1	5	13
3	K1	13	15
4	K2	13	15
5	I2	5	13
6	I7	7	7
7	I10	X	2
8	I6	17	9
9	I6	4	9
10	J15	27	11
11	I9	9	5
12	K6	13	13
13	I1	25	15
14	I6	11	9
15	I6	5	9
16	I3	5	11
17	I5	17	9
18	I2	17	13
19	K3	13	15
20	I10	X	1
21	I4	17	9
22
23	K4	13	15
24	H6	9	11
25	K5	13	15
26	I3	17	11
27	I5	5	9
28	I4	5	9
QE	1I11
1	I2	21	13
2	I1	19	13
3	K1	21	17
4	K2	21	17
5	I2	19	13
6	I18	19	11
7	I11	X	2
8	I1	21	13
9
10	J15	28	11
11	I9	14	5
12	K6	21	15
13	I1	7	13
14	I8	25	7
15	I6	19	9
16	I3	19	13
17	I6	21	9
18	I3	21	13
19	K3	21	15
20	I11	X	2
21	I5	21	9
22	I7	25	7
23	K4	21	15
24	H6	11	11
25	K5	21	15
26	I4	21	11
27	I5	19	9
28	I4	19	11
QC	1I12
1
2
3	J11	22	9
4	J10	20	9
5	J12	22	9
6	J9	16	9
7	J13	25	9
8	J10	14	9
9
10	J11	27	9
11	J13	27	9
12	J11	21	9
13	J9	21	9
14	J11	14	9
15	J13	22	9
16	J12	20	9
17	J9	25	9
18	J13	21	9
19	J14	22	9
20	J12	14	9
21	J9	27	9
22
23	J14	14	9
24	J11	25	9
25	J13	14	9
26	J9	22	19
27	J14	20	9
28	J10	22	9
QC	1I13
1
2
3	J12	24	9
4	J11	20	9
5	J13	24	9
6	J10	16	9
7	J14	25	9
8	J11	16	9
9
10	J12	27	9
11	J14	27	9
12	J12	21	9
13	J10	21	9
14	J12	16	9
15	J14	24	9
16	J13	20	9
17	J10	25	9
18	J14	21	9
19	J9	24	9
20	J13	16	9
21	J10	27	9
22
23	J9	14	9
24	J12	25	9
25	J14	16	9
26	J10	24	9
27	J9	20	9
28	J11	24	9
TI	1I14
1	I16	2	7
2	I16	19	7
3	I16	17	7
4	I16	4	7
5	G2	4	17
6	G2	27	17
7	G2	3	17
8	G2	28	17
9	R19	25	37
10	I19	24	9
11	I9	6	11
12	I18	27	7
13	R19	6	35
14	I14	X	2
15	I19	27	9
16	H6	6	13
17	I18	24	7
18	L15	3	15
19	I14	X	2
20	R19	26	37
21	L19	8	15
22	G1	4	17
23	I14	X	2
24	G1	5	17
25	I14	X	2
26	I14	X	2
27	I14	X	2
28	I14	X	2
TB	1I15
1	J16	19	9
2	H13	8	9
3	H12	10	7
4	H13	25	9
5	H12	20	7
6	H13	26	9
7	H12	24	7
8	I15	X	2
9	H13	9	9
10	I15	X	2
11	I15	12	3
12	I15	11	3
13
14	L19	12	15
15
16
17
18
19	G6	18	15
20	I27	4	15
21	M27	6	21
22
23	M22	27	21
24	I22	25	11
25	R28	24	37
26	I22	26	11
27	I15	X	2
28	I15	X	2
TH	1I16
1	Q14	20	33
2	I14	1	7
3	G3	4	19
4	I14	4	7
5	H7	25	13
6	G3	10	19
7	J22	7	11
8	J21	7	9
9	H8	25	13
10
11	H9	25	11
12
13	H10	25	11
14	J20	7	9
15
16
17	I14	3	7
18
19	I14	2	7
20	L24	19	17
21
22	O33	14	31
23
24	L24	4	17
25	I25	8	13
26	G3	5	19
27
28	H2	21	17
TH	1I17
1	I18	16	5
2	K20	4	11
3	I18	14	5
4	I7	3	13
5	K20	18	13
6	I18	22	5
7	M8	26	23
8	K17	6	11
9	K16	23	13
10	M8	4	21
11	M8	18	21
12	K16	6	11
13	J8	3	13
14	K20	26	13
15	M8	25	23
16	K16	24	13
17	M8	3	21
18	K20	13	13
19	K20	3	11
20	M8	13	21
21	K17	5	11
22	K20	25	13
23	K16	5	11
24	J7	3	15
25	I18	2	5
26	I18	5	5
27	I8	3	13
28	I18	23	5
TH	1I18
1	I20	4	5
2	I17	25	5
3	I20	28	7
4
5	I17	26	5
6	I20	3	7
7
8
9
10
11
12
13
14	I17	3	5
15
16	I17	1	5
17	K7	21	17
18
19	I11	6	11
20
21
22	I17	6	5
23	I17	28	5
24	I14	17	7
25	I21	4	7
26	I21	3	7
27	I14	12	7
28	I20	27	7
TH	1I19
1	I20	11	5
2	H21	26	7
3	I20	19	5
4
5	H21	3	7
6	I20	12	5
7	M13	6	19
8	L31	26	21
9	L31	25	21
10	M13	26	21
11	M13	3	19
12	L31	2	19
13
14	H21	4	9
15	M13	25	21
16	H22	4	9
17	M13	1	19
18	K31	26	17
19	K31	25	17
20	M13	28	21
21	L31	1	19
22	H21	25	9
23	H22	3	9
24	I14	10	9
25	I21	11	5
26	I21	10	5
27	I14	15	9
28	I20	22	5
PD	1I20
1
2
3	I18	6	5
4	I18	1	5
5	I27	18	11
6	I27	16	11
7
8
9
10
11	I19	1	5
12	I19	6	5
13	G18	9	13
14	G18	13	13
15
16	J15	19	11
17	G18	16	13
18	G18	11	13
19	I19	3	5
20
21	I27	22	11
22	I19	28	5
23	I27	20	11
24
25
26
27	I18	28	7
28	I18	3	7
PD	1I21
1
2
3	I18	26	7
4	I18	25	7
5	I27	26	11
6	I27	24	11
7
8	K8	21	19
9
10	I19	26	5
11	I19	25	5
12	J24	4	9
13	G18	20	13
14	G18	18	13
15
16	J15	20	11
17	G19	9	13
18	G19	13	13
19	I23	6	7
20	J24	1	7
21	I29	17	11
22	I23	3	7
23	I29	11	11
24	J24	3	7
25	I24	1	7
26	I24	6	7
27	J25	3	9
28	J25	6	9
PD	1I22
1
2
3	J25	25	9
4	I29	19	11
5	I29	28	11
6	J25	26	9
7	I24	3	7
8	H29	12	11
9
10	I24	26	7
11	I23	28	5
12	I23	1	5
13	G19	16	13
14	G19	11	13
15
16	J15	21	13
17	G19	20	13
18	G19	18	13
19	I23	25	5
20	I24	25	5
21	J25	1	7
22	I23	26	5
23	J25	28	9
24	H29	10	13
25	I15	24	11
26	I15	26	11
27	I29	24	11
28
TH	1I23
1	I22	12	5
2	I26	24	7
3	I21	22	7
4	H29	25	11
5	I26	6	7
6	I21	19	7
7
8	J24	27	9
9	I26	23	7
10	J27	3	9
11	J27	1	9
12	I26	25	7
13	H29	27	11
14
15	J24	5	7
16	H29	5	11
17	J24	25	9
18
19	M12	28	23
20	J24	23	9
21	H29	14	11
22	J27	10	9
23	J31	1	11
24	I29	26	11
25	I22	19	5
26	I22	22	5
27	H23	25	7
28	I22	11	5
TH	1I24
1	I21	25	7
2	J31	26	11
3	I22	7	7
4
5	K31	1	13
6	I21	26	7
7	H22	26	7
8	M12	1	21
9	M12	6	21
10	H23	4	7
11	H22	25	7
12	M12	3	21
13
14	K31	2	13
15
16	J31	2	11
17	H23	3	9
18	M12	25	23
19	M12	26	23
20	H23	26	7
21
22
23	J31	25	9
24
25	I22	20	5
26	I22	10	7
27
28
PX	1I25
1	J29	3	7
2	H31	21	11
3	H28	15	7
4	I29	27	7
5	L28	20	17
6	H32	17	11
7	J17	7	13
8	I16	25	13
9	M27	23	19
10	M15	22	23
11	W05	905
12	N29	21	23
13	L29	23	17
14	H26	15	9
15	L24	17	15
16	H27	15	9
17	K23	3	11
18	G31	3	15
19	L20	9	17
20	J18	14	13
21	M16	11	21
22	P13	3	31
23	M16	8	23
24	M19	28	25
25	L29	17	17
26	M15	11	21
27	L29	13	17
28	H29	2	11
TI	1I26
1	J27	13	7
2	J27	12	7
3	J25	9	7
4	J25	2	7
5	J25	12	7
6	I23	5	7
7	P13	11	31
8	P13	6	31
9	J26	8	7
10	M24	7	19
11	I27	15	5
12	M22	20	19
13	J26	6	7
14	I26	X	2
15	J27	19	9
16	J26	2	7
17	M21	9	19
18	J26	4	7
19	I26	X	2
20	J26	10	7
21	J27	17	9
22	J27	15	9
23	I23	9	7
24	I23	2	7
25	I23	12	7
26	J25	11	7
27	N5	8	29
28	N5	3	29
TA	1I27
1	J17	6	15
2	J17	1	15
3	L21	18	17
4	I15	20	15
5	L21	4	17
6	M21	6	19
7	L20	12	17
8	J25	20	9
9	H29	7	9
10	J25	19	9
11	L21	27	17
12	J25	10	9
13	I29	14	7
14	J25	5	7
15	I26	11	5
16	I20	6	11
17	M28	13	19
18	I20	5	11
19	M28	11	19
20	I20	23	11
21	M24	21	19
22	I20	21	11
23	L22	10	17
24	I21	6	11
25	M21	24	21
26	I21	5	11
27	J17	28	15
28	J24	21	9
PW	1I28
1
2	N31	13	23
3	M17	25	23
4	N30	13	23
5	M17	8	21
6
7	M19	23	23
8	L28	6	15
9	M17	26	23
10	I28	X	2
11	M17	11	21
12	L24	15	13
13
14	L24	2	13
15
16	P13	12	33
17	J17	2	13
18
19	M15	24	23
20	M15	7	23
21	J17	26	15
22	L22	18	17
23	L30	13	15
24	L30	17	15
25	I29	23	5
26	M22	11	19
27	L20	11	17
28	J32	3	7
PQ	1I29
1	W05	906
2
3	N29	19	23
4
5	W12	900
6	G31	21	13
7	Q29	25	33
8	J17	25	15
9	R18	14	39
10	L28	3	15
11	I21	23	11
12	R18	15	39
13	J17	3	13
14	I27	13	7
15	J16	11	15
16
17	I21	21	11
18	J30	28	11
19	I22	4	11
20	J18	7	15
21	W08	905
22	M21	13	21
23	I28	25	5
24	I22	27	11
25	G31	13	13
26	I23	24	11
27	I25	4	7
28	I22	5	11
PL	1I30
1
2
3
4	W12	902
5
6
7
8	W12	905
9	J30	22	5
10	H32	19	96
11	I30	X	2
12
13	I30	X	2
14
15
16
17
18	G31	15	13
19
20	J32	15	9
21	I30	X	2
22	G7	22	25
23	W12	901
24
25	W12	904
26
27	W12	903
28
TH	1I31
1	L29	16	17
2	I39	9	11
3	I31	20	5
4	I40	22	11
5	I37	9	9
6	I31	18	5
7	H28	12	9
8	H27	12	9
9	I37	22	9
10	I40	9	11
11	I38	9	9
12	I39	22	9
13	I38	22	9
14	H26	12	11
15
16	I31	28	5
17	I42	9	13
18	I31	6	5
19	I41	22	13
20	I31	3	5
21	J29	28	9
22	J29	26	9
23	I41	9	13
24	I31	26	5
25	L29	11	15
26	I31	24	15
27	I42	22	13
28	I31	16	5
TC	1I32
1	I33	7	5
2	I33	20	5
3	H5	4	29
4	I34	7	7
5	I32	X	2
6	I34	20	7
7	I35	7	7
8	I35	20	7
9	I36	7	9
10	I36	20	9
11	I37	7	9
12	I37	20	9
13	I38	7	9
14	H5	6	29
15	I38	20	9
16	I32	X	2
17	J39	10	11
18	J40	10	13
19	J41	10	13
20	J42	10	13
21	I39	7	11
22	I39	20	11
23	I40	7	11
24	I40	20	11
25	I41	7	11
26	I41	20	11
27	I42	7	13
28	I42	20	13
PA	1I33
1	H33	8	7
2	H33	5	7
3
4
5	I37	2	7
6
7	I32	1	5
8	I37	1	7
9	H30	2	9
10
11
12	I37	14	7
13
14	H33	12	7
15
16
17
18
19	H33	21	9
20	I32	2	5
21	I37	19	7
22	H30	12	9
23	I37	28	9
24	I37	27	9
25
26
27	H33	24	9
28	H33	23	9
PA	1I34
1	H34	8	7
2	H34	5	7
3
4
5	I38	2	7
6
7	I32	4	7
8	I38	1	7
9	H30	10	9
10
11
12	I38	14	7
13
14	H34	12	9
15
16
17
18
19	H34	21	9
20	I32	6	7
21	I38	19	7
22	H30	4	9
23	I38	28	7
24	I38	27	7
25
26
27	H34	24	9
28	H34	23	9
PA	1I35
1	H26	6	15
2	H26	5	15
3
4
5	I39	2	7
6
7	I32	7	7
8	I39	1	7
9	H30	23	11
10
11
12	I39	14	7
13
14	H26	24	15
15
16
17
18
19	H26	23	15
20	I32	8	7
21	I39	19	7
22	H30	19	11
23	I39	28	7
24	I39	27	7
25
26
27	H27	6	13
28	H27	5	13
PA	1I36
1	H27	24	13
2	H27	23	13
3
4
5	I40	2	7
6
7	I32	9	9
8	I40	1	7
9	H30	17	11
10
11
12	I40	14	7
13
14	H28	6	13
15
16
17
18
19	H28	5	13
20	I32	10	9
21	I40	19	7
22	H30	27	11
23	I40	28	7
24	I40	27	7
25
26
27	H28	24	13
28	H28	23	13
PA	1I37
1	I33	8	7
2	I33	5	7
3
4
5	H35	2	7
6
7	I32	11	9
8	H35	1	7
9	I31	5	9
10
11
12	H35	10	9
13
14	I33	12	7
15
16
17
18
19	I33	21	7
20	I32	12	9
21	H35	17	7
22	I31	9	9
23	H35	26	7
24	H35	25	7
25
26
27	I33	24	9
28	I33	23	9
PA	1I38
1	I34	8	7
2	I34	5	7
3
4
5	H36	2	7
6
7	I32	13	9
8	H36	1	7
9	I31	11	11
10
11
12	H36	14	9
13
14	I34	12	7
15
16
17
18
19	I34	21	7
20	I32	15	9
21	H36	19	9
22	I31	13	11
23	H36	28	7
24	H36	27	7
25
26
27	I34	24	7
28	I34	23	7
PA	1I39
1	I35	8	7
2	I35	5	7
3
4
5	H37	2	7
6
7	I32	21	11
8	H37	1	7
9	I31	2	11
10
11
12	H37	14	9
13
14	I35	12	7
15
16
17
18
19	I35	21	7
20	I32	22	11
21	H37	19	9
22	I31	12	11
23	H37	28	7
24	H37	27	7
25
26
27	I35	24	7
28	I35	23	7
PA	1I40
1	I36	8	7
2	I36	5	7
3
4
5	H38	2	7
6
7	I32	23	13
8	H38	1	7
9	I31	10	13
10
11
12	H38	14	9
13
14	I36	12	7
15
16
17
18
19	I36	21	7
20	I32	24	13
21	H38	19	9
22	I31	4	13
23	H38	28	9
24	H38	27	9
25
26
27	I36	24	7
28	I36	23	7
PA	1I41
1	H26	4	19
2	H26	3	19
3
4
5	H39	2	7
6
7	I32	25	11
8	H39	1	7
9	I31	23	15
10
11
12	H39	14	9
13
14	H26	26	19
15
16
17
18
19	H26	25	19
20	I32	26	11
21	H39	19	9
22	I31	19	13
23	H39	28	9
24	H39	27	9
25
26
27	H27	4	17
28	H27	3	17
PA	1I42
1	H27	26	19
2	H27	25	19
3
4
5	H40	2	7
6
7	I32	27	13
8	H40	1	7
9	I31	17	15
10
11
12	H40	14	9
13
14	H28	4	17
15
16
17
18
19	H28	3	17
20	I32	28	13
21	H40	19	9
22	I31	27	15
23	H40	28	9
24	H40	27	9
25
26
27	H28	26	17
28	H28	25	17
QF	1J1
1	J3	18	7
2	I8	8	13
3	I6	14	11
4	I8	13	13
5	I1	26	7
6
7	I3	12	7
8
9	I3	24	7
10	K7	3	11
11	J2	8	3
12
13	I8	16	13
14	K12	5	15
15	J8	8	11
16	K8	3	11
17	I1	20	9
18	J2	1	5
19	I2	16	9
20	K11	5	13
21	I5	22	9
22	K13	5	15
23	I1	10	9
24
25	I2	6	9
26	K9	3	11
27	J8	16	11
28	J8	13	11
QF	1J2
1	J1	18	5
2	I8	4	9
3	I2	14	7
4	I8	12	11
5	I3	26	7
6	K7	7	9
7	I5	12	7
8	J1	11	3
9	I5	24	9
10	K10	3	13
11	J3	8	3
12
13	I8	18	11
14	K15	5	17
15	J8	4	9
16	K11	3	13
17	I3	20	9
18	J3	1	5
19	I4	16	9
20	K14	5	15
21	I1	22	9
22	K7	5	9
23	I3	10	9
24	K8	7	11
25	I4	6	9
26	K12	3	13
27	J8	18	9
28	J8	12	9
QF	1J3
1	J2	18	5
2	I8	2	9
3	I4	14	7
4	I8	10	9
5	I5	26	7
6	K10	7	11
7	H6	12	13
8	J2	11	3
9	H6	10	13
10	K13	3	13
11	H6	8	13
12	K9	7	11
13	I8	20	11
14	K9	5	11
15	J8	2	9
16	K14	3	15
17	I5	20	9
18	J1	1	7
19	I6	16	9
20	K8	5	9
21	I3	22	9
22	K10	5	11
23	I5	10	9
24	K11	7	13
25	I6	6	9
26	K15	3	15
27	J8	20	9
28	J8	10	9
QF	1J4
1	J6	18	7
2	I8	22	9
3	I6	22	7
4	I8	11	9
5	I2	10	7
6
7	I3	6	7
8
9	I4	12	7
10	K7	28	9
11	J5	8	3
12
13	I8	15	9
14	K12	26	13
15	J8	22	7
16	K8	28	11
17	I1	14	9
18	J5	1	5
19	I2	26	9
20	K11	26	13
21	I6	20	9
22	K13	26	13
23	I1	16	11
24
25	I2	24	9
26	K9	28	11
27	J8	15	7
28	J8	11	7
QF	1J5
1	J4	18	5
2	I8	26	9
3	I2	22	7
4	I8	9	9
5	I4	10	7
6	K7	24	9
7	I5	6	9
8	J4	11	3
9	I6	12	7
10	K10	28	11
11	J6	8	3
12
13	I8	17	9
14	K15	26	15
15	J8	26	7
16	K11	28	11
17	I3	14	9
18	J6	1	5
19	I4	26	9
20	K14	26	13
21	I2	20	9
22	K7	26	9
23	I3	16	9
24	K8	24	9
25	I4	24	9
26	K12	28	13
27	J8	17	7
28	J8	9	7
QF	1J6
1	J5	18	5
2	I8	28	9
3	I4	22	7
4	H6	7	13
5	I6	10	7
6	K10	24	11
7	H6	4	13
8	J5	11	3
9	H6	2	13
10	K13	28	13
11	H6	14	13
12	K9	24	9
13	I8	27	9
14	K9	26	9
15	J8	28	7
16	K14	28	13
17	I5	14	9
18	J4	1	7
19	I6	26	9
20	K8	26	9
21	I4	20	9
22	K10	26	11
23	I5	16	9
24	K11	24	11
25	I6	24	9
26	K15	28	13
27	J8	27	7
28	H6	15	13
QG	1J7
1	K9	10	7
2	I3	15	9
3	I17	24	13
4	I2	15	9
5	L5	13	13
6
7	L18	23	17
8	I1	15	11
9	I5	28	9
10	I3	28	7
11	I4	28	9
12	I2	28	11
13	I1	28	11
14
15	I4	27	9
16	I1	27	11
17	I5	27	17
18	I2	27	11
19
20	I3	27	9
21
22	I4	15	9
23	M13	27	17
24
25	K7	15	7
26	I5	15	9
27	I6	27	9
28	I6	15	8
QG	1J8
1	K9	15	7
2	J3	15	9
3	I17	13	13
4	J2	15	9
5	L5	15	9
6
7	H6	28	11
8	J1	15	11
9	J5	28	7
10	J3	28	9
11	J4	28	7
12	J2	28	9
13	J1	28	11
14
15	J4	27	7
16	J1	27	11
17	J5	27	7
18	J2	27	9
19
20	J3	27	9
21
22	J4	15	7
23	M13	24	17
24
25	K7	16	9
26	J5	15	7
27	J6	27	7
28	J6	15	7
QB	1J9
1	K7	25	9
2	K7	22	9
3	K1	23	13
4	K8	4	7
5	K1	28	13
6	K7	4	7
7	K1	25	13
8	K7	27	9
9	K1	1	13
10
11	K1	5	13
12	K8	6	7
13	K1	9	13
14	I13	23	9
15	K1	10	13
16	I12	6	9
17	K1	17	13
18	K7	6	7
19	K1	8	13
20	I13	27	9
21	I12	13	9
22	I12	26	9
23
24	I13	19	9
25	I12	17	9
26	K7	9	7
27	I12	21	9
28	K8	9	7
QB	1J10
1	K9	6	7
2	K9	9	7
3	K2	23	13
4	K9	27	9
5	K2	28	13
6	K8	27	9
7	K2	25	13
8	K9	4	7
9	K2	1	13
10
11	K2	5	13
12	K9	25	9
13	K2	9	13
14	I12	8	9
15	K2	10	13
16	I13	6	9
17	K2	17	13
18	K8	25	9
19	K2	8	13
20	I12	4	9
21	I13	13	9
22	I12	28	9
23
24	I13	26	9
25	I13	17	9
26	K8	22	13
27	I13	21	9
28	K9	22	13
QB	1J11
1	K10	25	9
2	K10	22	9
3	K3	23	13
4	K11	4	7
5	K3	28	13
6	K10	4	7
7	K3	25	13
8	K10	27	9
9	K3	1	13
10
11	K3	5	13
12	K11	6	7
13	K3	9	13
14	I12	14	9
15	K3	10	13
16	I13	8	9
17	K3	17	13
18	K10	6	7
19	K3	8	13
20	I13	4	9
21	I12	12	9
22	I12	3	9
23
24	I13	28	9
25	I12	24	9
26	K10	9	7
27	I12	10	9
28	K11	9	7
QB	1J12
1	K12	6	7
2	K12	9	7
3	K4	23	13
4	K12	27	9
5	K4	28	13
6	K11	27	9
7	K4	25	13
8	K12	4	9
9	K4	1	13
10
11	K4	5	13
12	K12	25	9
13	K4	9	13
14	I12	20	9
15	K4	10	13
16	I13	14	9
17	K4	17	13
18	K11	25	9
19	K4	8	13
20	I12	16	9
21	I13	12	9
22	I12	5	9
23
24	I13	3	9
25	I13	24	9
26	K11	22	9
27	I13	10	9
28	K12	22	9
QB	1J13
1	K13	25	9
2	K13	22	9
3	K5	23	13
4	K14	4	7
5	K5	28	13
6	K13	4	7
7	K5	25	13
8	K13	27	9
9	K5	1	13
10
11	K5	5	13
12	K14	6	7
13	K5	9	13
14	I12	25	9
15	K5	10	13
16	I13	20	9
17	K5	17	13
18	K13	6	7
19	K5	8	13
20	I13	16	9
21	I12	18	9
22	I12	15	9
23
24	I13	5	9
25	I12	7	9
26	K13	9	7
27	I12	11	9
28	K14	9	7
QB	1J14
1	K15	6	7
2	K15	9	7
3	K6	23	9
4	K15	27	9
5	K6	28	9
6	K14	27	9
7	K6	25	9
8	K15	4	7
9	K6	1	13
10
11	K6	5	13
12	K15	25	9
13	K6	9	13
14	I12	23	9
15	K6	10	13
16	I13	25	9
17	K6	17	9
18	K14	25	9
19	K6	8	13
20	I12	27	9
21	I13	18	9
22	I12	19	9
23
24	I13	15	9
25	I13	7	9
26	K14	22	9
27	I13	11	9
28	K15	22	9
TC	1J15
1	L19	14	13
2	L19	15	13
3	J15	X	2
4	L19	16	13
5	J15	X	2
6	N13	3	19
7	N13	4	19
8	N13	25	19
9	H21	11	13
10	H23	11	15
11	H23	15	15
12	H22	11	15
13	H21	15	15
14	H4	28	15
15	H22	15	15
16	J15	X	2
17	K25	20	15
18	K25	18	15
19	I20	16	11
20	I21	16	11
21	I22	16	11
22	J19	11	7
23	J19	22	7
24	I7	5	13
25	I8	5	11
26	I9	10	13
27	I10	10	11
28	I11	10	11
TB	1J16
1	H11	7	13
2	K23	16	11
3	H11	10	13
4	J16	14	3
5	H11	20	13
6	K27	13	15
7	H11	24	13
8	M24	16	17
9	H12	9	13
10	K29	8	15
11	I29	15	17
12	M9	15	17
13
14	J16	4	3
15
16	J26	5	13
17
18	J18	9	7
19	I15	1	9
20	M8	14	17
21	L28	11	17
22
23	L28	16	17
24	L29	7	17
25	M18	28	17
26	L30	7	19
27	J16	X	2
28	J16	X	2
TH	1J17
1	I27	2	15
2	I28	17	13
3	I29	13	13
4
5	K16	16	9
6	I27	1	15
7	I25	7	13
8	L28	5	13
9	K17	16	7
10
11	K18	16	7
12
13	K19	15	9
14	H29	6	17
15	H23	16	13
16	K16	12	7
17	K24	3	11
18	K17	12	7
19	K24	23	13
20	K18	12	7
21	H22	16	13
22	H21	16	13
23	L26	4	15
24	K19	14	9
25	I29	8	15
26	I28	21	15
27	J18	8	5
28	I27	27	13
TA	1J18
1	J19	5	3
2	J19	7	5
3	K28	13	13
4	J18	X	2
5	L28	13	15
6	N27	28	21
7	I29	20	15
8	J17	27	5
9	J16	18	7
10	L30	12	17
11	M24	18	17
12	L29	12	17
13	L22	21	13
14	I25	20	17
15	K27	17	13
16	L29	19	17
17	K29	12	15
18	L29	14	17
19	J26	22	11
20	L30	19	17
21	N27	18	21
22	L30	14	17
23	M24	15	17
24	M28	20	19
25	J27	20	13
26	K23	12	9
27	J19	6	5
28	J19	8	5
PC	1J19
1
2
3
4	J19	25	5
5	J18	1	3
6	J18	27	5
7	J18	2	5
8	J18	28	5
9	O11	25	25
10
11	J15	22	7
12
13	J19	15	3
14	L21	6	11
15	J19	13	3
16
17	J19	20	3
18	L21	1	11
19
20	J19	17	3
21
22	J15	23	7
23	L28	9	15
24
25	J19	4	5
26
27
28
PG	1J20
1
2
3	P26	3	25
4	P26	6	27
5	P15	3	25
6	P15	6	25
7	I16	14	9
8	G8	11	17
9	Q11	12	31
10	H14	17	13
11
12
13	H15	3	13
14	H15	14	13
15
16
17	H16	3	13
18
19
20	H16	14	13
21	J20	X	2
22
23	J20	X	2
24
25	P15	10	27
26	P15	19	27
27	P26	10	27
28	P26	19	27
PG	1J21
1
2
3	P26	27	27
4	P26	28	27
5	P15	27	27
6	P15	28	27
7	I16	8	11
8	G8	12	21
9	Q11	15	31
10	H14	18	15
11
12
13	H17	3	13
14	H17	14	13
15
16
17	H18	3	13
18
19
20	H18	14	13
21	J21	X	2
22
23	J21	X	2
24
25	P16	3	25
26	P16	6	25
27	P27	3	25
28	P27	6	25
PG	1J22
1
2
3	P27	10	27
4	P27	19	27
5	P16	10	27
6	P16	19	27
7	I16	7	11
8	G8	13	21
9	Q11	17	31
10	H14	19	15
11
12
13	H19	3	13
14	H19	14	13
15
16
17	H20	3	13
18
19
20	H20	14	13
21	J22	X	2
22
23	J22	X	2
24
25	P16	27	27
26	P16	28	27
27	P27	27	27
28	P27	28	27
TD	1J23
1	H29	11	13
2	L26	9	11
3	J23	X	2
4	J23	X	2
5	K20	5	9
6	K24	5	7
7	K20	7	9
8	K24	25	9
9	K20	22	9
10	J27	21	7
11	K20	24	9
12
13	K20	23	9
14
15	K27	28	9
16	K16	11	13
17	L27	10	13
18	K17	11	11
19
20	K18	11	11
21	K27	21	9
22	K24	26	9
23
24
25	L21	2	11
26	L23	4	11
27	L21	20	13
28	L20	22	13
PT	1J24
1	I21	20	7
2
3	I21	24	7
4	I21	12	9
5	I23	15	7
6
7	M21	12	15
8
9	M11	15	21
10
11	M10	15	21
12
13
14
15	H29	4	13
16
17	M9	14	21
18
19	J27	24	7
20
21	I27	28	9
22
23	I23	20	9
24
25	I23	17	9
26
27	I23	8	9
28
TH	1J25
1	I22	21	7
2	I26	4	7
3	I21	27	9
4	K11	21	17
5	I27	14	7
6	I21	28	9
7	K15	21	15
8	J27	11	7
9	I26	3	7
10	I27	12	9
11	I26	26	7
12	I26	5	7
13	K10	21	19
14	J27	4	7
15	K14	21	15
16	J27	8	7
17
18	J27	7	7
19	I27	10	9
20	I27	8	9
21	J27	9	7
22	J27	6	7
23	J27	5	7
24	K13	21	17
25	I22	3	9
26	I22	6	9
27	K12	21	17
28	I22	23	9
TB	1J26
1	K29	10	7
2	I26	16	7
3	K23	18	9
4	I26	18	7
5	J16	16	13
6	I26	13	7
7	M24	22	17
8	I26	9	7
9	K27	15	7
10	I26	20	7
11	L25	21	13
12
13	L28	8	11
14	M1	13	29
15
16	M2	13	29
17
18	M3	13	27
19	M8	15	23
20	J26	23	3
21	L22	22	13
22	J18	19	13
23	J26	20	3
24	M28	9	15
25	K23	2	9
26	M28	18	17
27	J26	X	2
28	J26	X	1
TB	1J27
1	I23	11	11
2	M21	8	17
3	I23	10	11
4	J25	14	7
5	J25	23	7
6	J25	22	7
7	J25	18	7
8	J25	16	7
9	J25	21	7
10	I23	22	9
11	J25	8	7
12	I26	2	7
13	I26	1	7
14	K20	15	13
15	I26	22	9
16
17	I26	21	9
18
19	I26	15	9
20	J18	25	13
21	J23	10	7
22
23	L20	18	15
24	J24	19	7
25	K23	8	9
26	N25	11	19
27	L21	19	15
28	N25	16	19
PN	1J29
1	H30	21	11
2	L25	9	13
3	I25	1	7
4	L25	11	13
5	L29	25	13
6
7
8	L29	5	11
9
10
11
12	L28	26	13
13
14
15	L28	22	13
16
17	N29	17	19
18	J32	18	7
19	L29	3	11
20	J32	17	7
21	L28	24	13
22	L29	21	13
23
24	L28	28	13
25	H30	15	11
26	I31	22	9
27	H31	22	11
28	I31	21	9
TH	1J30
1	L30	27	13
2	L33	9	11
3	J30	16	5
4	L34	22	13
5	K33	9	7
6	J30	14	3
7
8	K25	2	9
9	K33	22	9
10	L34	9	13
11	K34	9	9
12	L33	22	13
13	K34	22	9
14	J30	6	3
15
16	J30	3	5
17	L36	9	13
18	J30	26	3
19	L35	22	13
20	K25	1	9
21
22	I30	9	5
23	L35	9	13
24	K25	3	9
25	L30	11	11
26	J30	18	3
27	L36	22	13
28	I29	18	16
TD	1J31
1	I23	23	13
2	I24	16	13
3	J31	X	2
4	J31	X	2
5	K34	24	9
6	K34	23	9
7	L36	24	13
8	L36	23	13
9	L42	24	17
10	L42	23	17
11	K42	24	15
12	K42	23	15
13	J42	20	13
14	J42	22	13
15	K34	12	9
16	K34	21	9
17	L36	12	13
18	L36	21	13
19	L42	12	17
20	L42	21	17
21	K42	12	15
22	K42	21	5
23	J42	13	13
24	J42	18	13
25	I24	23	13
26	I24	2	13
27	J31	X	2
28	J31	X	2
TC	1J32
1	J33	21	5
2	J34	21	7
3	I28	28	7
4	J35	21	7
5	J32	X	2
6	J36	21	7
7	J37	21	9
8	J38	21	9
9	J39	21	9
10	J40	21	11
11	J41	21	11
12	K25	26	13
13	J42	21	13
14	H5	2	29
15	I30	20	9
16	J32	X	7
17	J29	20	7
18	J29	18	7
19	J33	10	5
20	J34	10	7
21	J35	10	7
22	J36	10	7
23	J37	10	9
24	J38	10	9
25	K41	7	11
26	K41	20	13
27	K42	7	13
28	K42	20	13
PL	1J33
1
2
3
4	W08	92
5
6	W08	91
7
8	W08	90
9	K35	1	7
10	J32	19	5
11	K35	2	7
12
13	K35	14	7
14
15
16
17
18	K35	19	7
19
20	K35	27	9
21	J32	1	5
22	K35	28	9
23	W08	95
24
25	W08	94
26
27	W08	93
28
PL	1J34
1
2
3
4	W08	98
5
6	W08	97
7
8	W08	96
9	K36	1	7
10	J32	20	7
11	K36	2	7
12
13	K36	14	7
14
15
16
17
18	K36	15	19
19
20	K36	27	9
21	J32	2	7
22	K36	28	9
23	W08	901
24
25	W08	900
26
27	W08	99
28
PL	1J35
1
2
3
4	W08	904
5
6	W08	903
7
8	W08	902
9	K37	1	7
10	J32	21	7
11	K37	2	7
12
13	K37	14	7
14
15
16
17
18	K37	19	9
19
20	K37	27	9
21	J32	4	7
22	K37	28	9
23	W09	92
24
25	W09	91
26
27	W09	90
28
PL	1J36
1
2
3
4	W09	95
5
6	W09	94
7
8	W09	93
9	K38	1	7
10	J32	22	7
11	K38	2	7
12
13	K38	14	7
14
15
16
17
18	K38	19	9
19
20	K38	27	9
21	J32	6	7
22	K38	28	9
23	W09	98
24
25	W09	97
26
27	W09	96
28
PL	1J37
1
2
3
4	W09	901
5
6	W09	900
7
8	W09	99
9	K39	1	7
10	J32	23	9
11	K39	2	7
12
13	K39	14	7
14
15
16
17
18	K39	19	9
19
20	K39	27	9
21	J32	7	9
22	K39	28	9
23	W09	904
24
25	W09	903
26
27	W09	902
28
PL	1J38
1
2
3
4	W10	92
5
6	W10	91
7
8	W10	90
9	K40	1	7
10	J32	24	11
11	K40	2	7
12
13	K40	14	9
14
15
16
17
18	K40	19	9
19
20	K40	27	9
21	J32	8	11
22	K40	28	9
23	W10	95
24
25	W10	94
26
27	W10	93
28
PL	1J39
1
2
3
4	W10	98
5
6	W10	97
7
8	W10	96
9	K41	1	7
10	I32	17	13
11	K41	2	7
12
13	K41	14	7
14
15
16
17
18	K41	19	9
19
20	K41	27	9
21	J32	9	13
22	K41	28	9
23	W10	901
24
25	W10	900
26
27	W10	99
28
PL	1J40
1
2
3
4	W10	904
5
6	W10	903
7
8	W10	902
9	K42	1	7
10	I32	18	13
11	K42	2	7
12
13	K42	14	7
14
15
16
17
18	K42	19	9
19
20	K42	27	9
21	J32	10	13
22	K42	28	9
23	W11	92
24
25	W11	91
26
27	W11	90
28
PL	1J41
1
2
3
4	W11	95
5
6	W11	94
7
8	W11	93
9	L31	23	17
10	I32	19	13
11	L31	24	17
12
13	L31	13	17
14
15
16
17
18	L31	14	17
19
20	K31	23	15
21	J32	11	13
22	K31	24	15
23	W11	98
24
25	W11	97
26
27	W11	96
28
PL	1J42
1
2
3
4	W11	901
5
6	W11	900
7
8	W11	99
9	K31	13	15
10	I32	20	13
11	K31	14	15
12
13	J31	23	15
14
15
16
17
18	J31	24	15
19
20	J31	13	15
21	J32	13	13
22	J31	14	15
23	W11	904
24
25	W11	903
26
27	W11	902
28
QA	1K1
1	J9	9	13
2	K7	20	9
3	I9	3	15
4
5	J9	11	13
6	K7	11	9
7
8	J9	19	13
9	J9	13	13
10	J9	15	13
11	K16	13	17
12	K16	10	17
13	I10	3	17
14	L5	17	9
15	K20	9	21
16	K20	8	21
17	J9	17	13
18
19	L5	18	9
20
21	I11	3	17
22	K8	11	11
23	J9	3	13
24
25	J9	7	13
26	K20	10	21
27	K16	17	17
28	J9	5	13
QA	1K2
1	J10	9	13
2	K9	11	11
3	I9	4	15
4
5	J10	11	13
6	K8	20	9
7
8	J10	19	13
9	J10	13	13
10	J10	15	13
11	K16	20	17
12	K17	13	17
13	I10	4	15
14	L5	19	9
15	K20	19	19
16	K20	21	19
17	J10	17	13
18
19	L5	20	9
20
21	I11	4	15
22	K9	20	11
23	J10	3	13
24
25	J10	7	13
26	K20	20	19
27	K17	10	17
28	J10	5	13
QA	1K3
1	J11	9	13
2	K10	20	11
3	I9	19	13
4
5	J11	11	13
6	K10	11	11
7
8	J11	19	13
9	J11	13	13
10	J11	15	13
11	K17	17	17
12	K17	20	17
13	I10	19	15
14	L5	21	9
15	K21	9	19
16	K21	8	19
17	J11	17	13
18
19	L5	22	9
20
21	I11	19	15
22	K11	11	11
23	J11	3	13
24
25	J11	7	13
26	K21	10	19
27	K18	13	17
28	J11	5	13
QA	1K4
1	J12	9	13
2	K12	11	11
3	I9	23	13
4
5	J12	11	13
6	K11	20	11
7
8	J12	19	13
9	J12	13	13
10	J12	15	13
11	K18	10	17
12	K18	17	17
13	I10	23	13
14	L5	23	9
15	K21	19	19
16	K21	21	19
17	J12	17	13
18
19	L5	24	9
20
21	I11	23	13
22	K12	20	11
23	J12	3	13
24
25	J12	7	13
26	K21	20	17
27	K18	20	17
28	J12	5	13
QA	1K5
1	J13	9	13
2	K13	20	11
3	I9	25	11
4
5	J13	11	13
6	K13	11	11
7
8	J13	19	13
9	J13	13	13
10	J13	15	13
11	K19	9	17
12	K19	8	17
13	I10	25	13
14	L5	25	7
15	K22	9	19
16	K22	8	19
17	J13	17	13
18
19	L5	26	7
20
21	I11	25	13
22	K14	11	13
23	J13	3	13
24
25	J13	7	13
26	K22	10	17
27	K19	10	19
28	J13	5	13
QA	1K6
1	J14	9	13
2	K15	11	13
3	I9	12	13
4
5	J14	11	13
6	K14	20	11
7
8	J14	19	13
9	J14	13	13
10	J14	15	13
11	K19	19	17
12	K19	21	17
13	I10	12	13
14	L5	27	7
15	K22	19	19
16	K22	21	19
17	J14	17	9
18
19	L5	28	7
20
21	I11	12	13
22	K15	20	13
23	J14	3	13
24
25	J14	7	13
26	K22	20	19
27	K19	20	17
28	J14	5	13
QD	1K7
1
2
3	J1	10	11
4	J9	6	7
5	J2	22	9
6	J9	18	7
7	J2	6	9
8	L15	1	11
9	J9	26	7
10
11	K1	6	9
12	O1	7	19
13	L16	17	13
14
15	J7	25	7
16	J8	25	9
17
18	L15	17	13
19	O1	6	19
20	K1	2	9
21	I18	17	17
22	J9	2	9
23	L16	1	13
24	J5	6	9
25	J9	1	9
26	J5	22	9
27	J9	8	9
28	J4	10	9
QD	1K8
1
2
3	J1	16	11
4	J9	4	7
5	J3	20	9
6	J9	12	7
7	J2	24	11
8	L15	2	11
9	J9	28	7
10	K9	21	5
11	K1	22	11
12	O1	10	19
13	L16	18	13
14
15	I7	1	13
16	I8	1	13
17
18	L15	18	11
19	O2	7	19
20	K2	6	9
21	I21	8	17
22	J10	26	13
23	L16	2	13
24	J5	24	9
25	J10	18	9
26	J6	20	9
27	J10	6	9
28	J4	16	9
QD	1K9
1
2
3	J1	26	13
4	J10	8	9
5	J3	14	11
6	J10	1	9
7	J3	12	11
8	L15	4	11
9	J10	2	9
10	J7	1	7
11	K2	2	11
12	O2	6	19
13	L16	19	11
14
15	J8	1	9
16
17
18	L15	19	11
19	O2	10	19
20	K2	22	11
21	K8	10	5
22	J10	28	13
23	L16	4	11
24	J6	12	9
25	J10	12	9
26	J6	14	9
27	J10	4	9
28	J4	26	9
QD	1K10
1
2
3	J2	10	13
4	J11	6	7
5	J3	22	11
6	J11	18	7
7	J3	6	11
8	L15	6	11
9	J11	26	7
10	M9	4	11
11	K3	6	11
12	O3	7	19
13	L16	20	11
14
15	K21	4	15
16	K17	24	11
17
18	L15	20	11
19	O3	6	19
20	K3	2	11
21	J25	13	17
22	J11	2	9
23	L16	6	11
24	J6	6	9
25	J11	1	9
26	J6	22	9
27	J11	8	9
28	J5	10	11
QD	1K11
1
2
3	J2	16	13
4	J11	4	7
5	J1	20	13
6	J11	12	7
7	J3	24	11
8	L15	7	11
9	J11	28	7
10	M9	3	11
11	K3	22	11
12	O3	10	19
13	L16	21	11
14
15	K21	3	13
16	K17	23	9
17
18	L15	21	11
19	O4	7	19
20	K4	6	11
21	J25	4	17
22	J12	26	9
23	L16	7	11
24	J6	24	11
25	J12	18	9
26	J4	20	11
27	J12	6	9
28	J5	16	11
QD	1K12
1
2
3	J2	26	13
4	J12	8	9
5	J1	14	15
6	J12	1	7
7	H6	23	15
8	L15	8	9
9	J12	2	7
10	M9	13	11
11	K4	2	11
12	O4	6	19
13	L16	22	9
14
15	K21	13	13
16	K18	6	9
17
18	L15	22	11
19	O4	10	19
20	K4	22	11
21	J25	27	17
22	J12	28	9
23	L16	8	9
24	H6	27	15
25	J12	12	9
26	J4	14	13
27	J12	4	9
28	J5	26	11
QD	1K13
1
2
3	J3	10	15
4	J13	6	7
5	J1	22	15
6	J13	18	7
7	H6	17	17
8	L15	9	9
9	J13	26	7
10	M9	18	13
11	K5	6	11
12	O5	7	19
13	L16	23	9
14
15	K21	18	11
16	K18	5	9
17
18	L15	23	9
19	O5	6	19
20	K5	2	11
21	J25	24	15
22	J13	2	4
23	L16	9	9
24	H6	19	17
25	J13	1	9
26	J4	22	13
27	J13	8	9
28	J6	10	11
QD	1K14
1
2
3	J3	16	15
4	J13	4	7
5	J2	20	15
6	J13	12	7
7	H6	20	17
8	L15	10	9
9	J13	28	7
10	M9	26	13
11	K5	22	13
12	O5	10	21
13	L16	24	9
14
15	K21	26	11
16	K18	24	7
17
18	L15	24	9
19	O6	7	19
20	K6	6	11
21	J25	15	15
22	J14	26	9
23	L16	10	7
24	H6	24	17
25	J14	18	9
26	J5	20	13
27	J14	6	9
28	J6	16	13
QD	1K15
1
2
3	J3	26	15
4	J14	8	7
5	J2	14	17
6	J14	1	7
7	H6	16	17
8	L15	11	9
9	J14	2	7
10	M9	25	15
11	K6	2	13
12	O6	6	21
13	L16	25	9
14
15	K21	25	9
16	K18	23	7
17
18	L15	25	9
19	O6	10	21
20	K6	22	13
21	J25	7	15
22	J14	28	9
23	L16	11	7
24	H6	18	17
25	J14	12	9
26	J5	14	15
27	J14	4	9
28	J6	26	13
TG	1K16
1	F37	4	31
2	F37	12	29
3	N1	3	19
4	N1	4	19
5	I17	23	11
6	I17	12	13
7	M29	10	17
8	M29	13	17
9
10	K1	12	19
11	J23	16	11
12	J17	16	7
13	K1	11	19
14
15	K29	5	15
16	J17	5	9
17	K1	27	19
18
19
20	K2	11	17
21	M29	20	17
22	M29	17	17
23	I17	9	13
24	I17	16	11
25	N1	27	23
26	N1	28	23
27	F37	17	29
28	F37	14	29
TG	1K17
1	F37	19	29
2	F37	27	29
3	N2	3	21
4	N2	4	21
5	I17	21	11
6	I17	8	13
7	M30	10	17
8	M30	13	17
9
10	K2	27	17
11	J23	18	11
12	J17	18	7
13	K2	12	17
14
15	K29	7	15
16	J17	9	7
17	K3	11	17
18
19
20	K3	12	17
21	M30	20	17
22	M30	17	17
23	K11	16	11
24	K10	16	11
25	N2	27	23
26	N2	28	23
27	F38	4	29
28	F38	12	29
TG	1K18
1	F38	17	29
2	F38	14	29
3	N3	3	21
4	N3	4	21
5	K13	16	9
6	K12	16	11
7	M31	10	17
8	M31	13	17
9
10	K4	11	17
11	J23	20	11
12	J17	20	7
13	K3	27	17
14
15	K29	9	13
16	J17	11	7
17	K4	12	17
18
19
20	K4	27	17
21	M31	20	17
22	M31	17	17
23	K15	16	7
24	K14	16	7
25	N3	27	23
26	N3	28	23
27	F38	19	29
28	F38	27	29
TE	1K19
1	K19	X	2
2	K19	X	2
3	N4	3	21
4	N4	4	21
5	F39	4	29
6	F39	12	29
7	F39	14	29
8	K5	12	17
9	K5	11	17
10	K5	27	17
11
12	K19	X	2
13	N4	23	23
14	J17	24	9
15	J17	13	9
16	K24	20	9
17	K19	X	2
18	N4	21	23
19	K6	11	17
20	K6	27	17
21	K6	12	17
22	F39	17	29
23	F39	19	29
24	F39	27	29
25	N5	5	21
26	N5	4	21
27	K19	X	2
28	K19	X	2
TE	1K20
1	M13	10	13
2	M13	9	13
3	I17	19	13
4	I17	2	13
5	J23	5	9
6	L26	13	11
7	J23	7	9
8	K1	16	21
9	K1	15	21
10	K1	26	21
11
12	M13	17	15
13	I17	18	13
14	N17	2	15
15	J27	14	11
16	K27	20	11
17	M13	18	15
18	I17	5	13
19	K2	15	19
20	K2	26	19
21	K2	16	19
22	J23	9	9
23	J23	13	19
24	J23	11	9
25	I17	22	13
26	I17	14	13
27	M13	7	13
28	M13	21	15
TE	1K21
1	M12	9	15
2	M12	7	15
3	K11	15	13
4	K10	15	15
5	K21	X	2
6	K21	X	2
7	K21	X	2
8	K3	16	19
9	K3	15	19
10	K3	26	21
11
12	M12	10	15
13	K12	15	13
14	K24	14	7
15	K27	19	11
16	K27	14	11
17	M12	17	15
18	K13	15	11
19	K4	15	19
20	K4	26	19
21	K4	16	19
22	K21	X	2
23	K21	X	2
24	K21	X	2
25	K15	15	9
26	K14	15	11
27	M12	21	15
28	M12	18	15
TE	1K22
1	N22	8	15
2	N22	7	15
3	N22	3	15
4	N22	4	15
5	K22	X	2
6	K22	X	2
7	K22	X	2
8	K5	16	19
9	K5	15	19
10	K5	26	19
11
12	N22	19	15
13	N22	28	17
14	K24	19	7
15	L20	14	9
16	L20	20	9
17	N22	22	15
18	N22	27	17
19	K6	15	19
20	K6	26	19
21	K6	16	19
22	K22	X	2
23	K22	X	2
24	K22	X	2
25	N23	3	15
26	N23	4	15
27	N23	8	15
28	N23	7	15
TH	1K23
1	L23	13	9
2	J26	25	9
3	I25	17	11
4
5	L20	25	11
6	L24	20	9
7
8	J27	25	9
9	L26	22	9
10
11	L27	12	11
12	J18	26	11
13
14	K27	1	7
15
16	J16	2	13
17	K24	27	5
18	J26	3	9
19	L26	6	9
20	L28	2	11
21	M11	14	17
22	M10	14	19
23	K24	7	5
24	L20	1	7
25	L27	20	9
26	L29	9	11
27
28	L27	9	9
TB	1K24
1	L23	18	9
2	L29	20	11
3	J17	17	13
4	L30	20	11
5	J23	6	7
6	M21	16	13
7	K23	23	5
8	K24	X	2
9	K24	X	2
10	K24	X	2
11	K24	X	2
12	M8	16	21
13	M9	16	19
14	K21	14	7
15
16
17
18
19	K22	14	7
20	K19	16	9
21	L21	12	9
22
23	J17	19	13
24	K29	11	7
25	J23	8	9
26	J23	22	9
27	K23	17	5
28	K24	X	2
PN	1K25
1	J30	20	9
2	J30	8	11
3	J30	24	9
4	K30	8	7
5	L30	21	11
6
7
8	L30	3	19
9
10
11
12
13
14
15
16
17	N29	18	17
18	J15	18	15
19	L30	5	11
20	J15	17	15
21
22	L30	25	11
23
24
25	K30	21	7
26	J32	12	11
27	K30	22	7
28	K30	14	7

