TD		1K29
1	K28	9	5
2	L27	13	9
3	K28	20	5
4	K29	X	2
5	K16	15	17
6	L27	2	9
7	K17	15	19
8	J16	10	17
9	K18	15	15
10	J26	1	11
11	K24	24	9
12	J18	17	15
13
14
15	H25	15	17
16	H31	28	15
17	H24	15	17
18	H31	25	15
19
20	H31	6	17
21
22	H31	3	17
23
24	H31	26	15
25	L29	27	7
26	M21	22	13
27	K29	X	2
28	M24	17	13
1	L30	1	9
2	K37	9	9
3	M21	21	17
4	K38	22	13
5	K35	9	9
6	M21	19	17
7
8	K25	4	7
9	K35	22	9
10	K38	9	13
11	K36	9	11
12	K37	22	11
13	K36	22	11
14	K25	28	7
15
16	K41	9	3
17	K40	9	13
18	K41	22	13
19	K39	22	11
20	K42	9	13
21	K25	25	7
22	K25	27	7
23	K39	9	11
24	K42	22	13
25	M21	17	15
26	M21	23	15
27	K40	22	13
28	M21	15	15
TD	1K31
1	14	5	15
2	24	14	15
3	K31	X	2
4	K31	X	2
5	K34	8	7
6	K34	5	7
7	L36	8	9
8	L36	5	9
9	L42	8	13
10	L42	5	13
11	K42	8	13
12	K42	5	13
13	J4	9	15
14	J42	11	15
15	K33	24	7
16	K33	23	7
17	L35	24	9
18	L35	23	7
19	L41	24	13
20	L41	23	13
21	K41	24	15
22	K41	23	15
23	J41	20	13
24	J41	22	13
25	19	19	17
26	19	18	17
27	K31	X	2
28	K31	X	2
1K32
1	K35	7	7
2	K35	20	7
3	H5	1	31
4	K36	7	7
5	K32	X	2
6	K36	20	7
7	K37	7	9
8	K37	20	9
9	K38	7	9
10	K38	20	9
11	K39	7	9
12	K39	20	9
13	K40	7	11
14	H4	27	31
15	K40	20	11
16	K32	X	2
17	L33	7	7
18	L33	20	9
19	L34	7	9
20	L34	20	9
21	L35	7	9
22	L35	20	9
23	L36	7	9
24	L36	0	9
25	K33	7	5
26	K33	20	5
27	K34	7	7
28	K34	20	7
1
1	L33	9
2	L33	5	9
3
4
5	L31	16	9
6
7	K32	25	5
8	L31	15	9
9	J30	5	7
10
11
12	L31	5	9
13
14	L33	12	7
15
16
17
18
19	L33	21	7
20	K32	26	5
21	L31	6	9
22	J30	9	11
23	K31	16	7
24	K31	15	7
25
26
27	L33	24	7
28	L33	23	7
1K34
1	L34	8	9
2	L34	5	9
3
4
5	K31	6	7
6
7	K32	27	7
8	K31	5	7
9	J30	11	11
10
11
12	J31	15	9
13
14	L34	12	7
15
16
17
18
19	L34	21	7
20	K32	28	7
21	J31	16	9
22	J30	13	11
23	J31	6	9
24	J31	5	9
25
26
27	L34	24	9
28	L34	23	9
1K35
1	J33	9	7
2	J33	11	7
3
4
5	L37	2	9
6
7	K32	1	7
8	L37	1	9
9	K30	5	9
10
11
12	L37	14	9
13
14	J33	13	7
15
16
17

19	J33	18	7
20	K32	2	7
21	L37	19	9
22	K30	9	9
23	L37	28	9
24	L37	27	9
25
26
27	J33	20	9
28	J33	22	9
1K36



1	J34	9	9
2	J34	11	9
3
4
5	L38	2	9
6
7	K32	4
8	L38	1	9
9	K30	11	11
10
11
12	L38	14	9
13
14	J34	13	9
15
16
17
18
19	J34	18	9
20	K32	6
21	L38	19	9
22	K30	13	11
23	L38	28	9
24	L38	27	9
25
26
27	J34	20	9
28	J34	22	9
1K37
1	J35	9	7
2	J35	11	7
3
4
5	L39	2	9
6
7	K32	7	9
8	L39	1
9	K30	2	9
10
11
12	L39	14	9
13
14	J35	13	7
15
16
17
18
19	J35	18	9
20	K32	C	9
21	L39	19	9
22	K30	12	11
23	L39	28	6
24	L39	27	9
25
26
27	J35	20	9
28	J35	22	9
1K38
1	J36	9	7
2	J36	11	7
3
4
5	L40	2	9
6
7	K32	9	9
8	L40	1	9
9	K30	10	13
10
11
12	L40	14
13
14	J36	13	7
15
16
17
1
19	J36	18	9
20	K32	10	9
21	L40	19
22	K30	4	13
23	L40	28	9
24	L40	27	9
25
26
27	J36	20	9
28	J36	22	9
1
1	J37	9	9
2	J37	11	9
3
4
5	L41	2	9
6
7	K32	11	9
	L41	1	9
9	K30	23	13
10
11
12	L41	14	9
13
14	J37	13	9
15
16
17
18
19	J37	18	9
20	K32	12
21	L41	19	9
22	K30	19	13
23	L41	28	9
24	L41	27	6
25
26
27	J37	20	9
28	J37	22	9
P
1K40
1	J38	9	7
2	J38	11	7
3
4
5	L42	2	7
6
7	K32	13	13
8	L42	1	7
9	K30	17	13
10
11
12	L42	14	7
13
14	J38	13	9
15
16
17
18
19	J38	18	9
20	K32	15	13
21	L42	19	9
22	K30	27	13
23	L42	28	9
24	L42	27	9
25
26
27	J38	20	9
28	J38	22	9
141
1	J39	9	7
2	J39	11	7
3	I
4
5	L31	22	15
6
7	J32	25	13
8	L31	21	15
9	K30	16	15
10
11
12	L31	11	15
13
14	J39	13	7
15
16
17
1
19	J39	18	9
20	J32	26	13
21	L31	12	15
22	K30	18	15
23	K31	22	13
24	K31	21	13
25
26
27	J39	20	9
28	J39	22	9
1K42
1	J40	9	7
2	J40	11	7
3
4
5	K31	12	15
6
7	J32	27	15
8	K31	11	15
9	K30	20	15
10
11
12	J31	21	15
13
14	J40	13	7
15
16
17
18
19	J40	18	9
20	J32	28	15
21	J31	22	15
22	K30	24	15
23	J31	12	15
24	J31	11	15
25
26
27	J40	20	9
28	J40	22	9
1	L6	9
2
3
4
5	L6	11	9
6
7
8	L6	19	9
9	L6	13	9
10	L6	15	9
11	M10	9	13
12	M10	8	13
13
14	L5	1	7
15	M8	9	11
16	M8	8	11
17	L6	17	9
8
19	L5	2	7
20
21
22
23	L6	3	7
24
25	L6	7	9
26	M8	10	11
27	M10	10	11
28	L6	5	9
1L2
1	L7	9	9
2

4
5	L7	11
6
7
8	L7	19	9
9	L7	13	9
10	L7	15	6
11	M10	19	13
12	M10	21	13
13
14	L5	4	7
15	M8	19	11
16	M8	21	11
17	L7	17	9
18
19	L5	6	7
20
21
22
23	L7	3	9
24
25	L7	7	9
26	M8	20	11
27	M10	20	13
28	L7	5	9
1L3
1	L8	9	9
2
3
4
5	L8	11	9
6
7
8	L8	19	9
9	L8	13	9
10	L8	15	9
11	M11	9	13
12	M11	8	13
13
14	L5	7	7
15	M9	9	11
16	M9	8	11
17	L8	17	9
18
19	L5	8	7
20
21
22
23	L8	3	9
24
25	L8	7	9
26	M9	10	11
27	M11	10	13
28	L8	5	7
1L4
1	L9	9	9
2
3
4
5	L9	11	9
6
7
8	L9	19	9
9	L9	13	9
10	L9	15	9
11	M11	19	11
12	M11	21	11
13
14	L5	9	5
15	M9	19	11
16	M9	21	11
17	L9	17	9
18
19	L5	10	5
20
21
22
23	L9	3	9
24
25	L9	7	9
26	M9	20	11
27	M11	20	11
L9	5	9
T	1L5
1	L1	14	7
2	L1	19	7
3	14	24	19
4	L2	14	7
5	L5	X	2
6	L2	19	7
7	L3	14	7
8	L3	19	7
9	L4	14	5
10	L4	19	5
11	11	20	13
12	L17	16	15
13	J7	5	13
14	14	25	19
15	18	5	9
16	L5	2
17	K1	14	9
18	K1	19	9
19	K2	14	9
20	K2	19	9
21	K3	14	9
22	K3	19	9
23	K4	14	9
24	K4	19	9
25	K5	14	7
26	K5	19	7
27	K6	14	7
28	K6	19	7
B	1L6

1	L12	5	6
2	L12	6	9
3	L1	23	7
4	L12	24	9
5	L1	28	9
6	L12	10	9
7	L1	25	9
8	L12	7	9
9	L1	1	9
10
11	L1	5	9
12	L12	26	9
13	L1	9	9
14	L10	6	7
15	L1	10	9
16	L11	23	9
17	L1	17	9
18	L12	8	9
19	L1	8	9
20	L10	26	7
21	L10	7	7
22	L11	27	9
23
24	L11	5	9
25	L10	21	7
26	L12	9	9
27	L6	X	2
28	L12	25	9
1	L13	8	9
2	L13	9	9
3	L2	23	9
4	L13	7	9
5	L2	28	9
6	L12	21	9
7	L2	25	9
8	L13	10	9
9	L2	1	9
10
11	L2	5	9
12	L13	5	9
13	L2	9	9
14	L10	8	7
15	L2	10	9
16	L11	6	7
17	L2	17	9
18	L12	23	9
19	L2	8	9
20	L10	4	7
21	L11	7	7
22	L10	28	7
23
24	L11	26	7
25	L11	21	7
26	L12	22	9
27	L7	X	2
28	L13	6	9
1	L13	23	9
2	L13	22	9
3	L3	23	9
4	L14	10	9
5	L3	28	7
6	L13	24	9
7	L3	25	9
8	L13	21	9
9	L3	1	9
10
11	L3	5	9
12	L14	8	9
13	L3	9	9
14	L10	25	7
15	L3	10	9
16	L11	8	7
17	L3	17	9
18	L13	26	9
19	L3	8	9
20	L10	3	7
21	L10	24	7
22	L11	4
23
24	L11	28	7
25	L10	10	7
26	L13	25	9
27	L8	X	2
28	L14	9	9
C	1L9
1	L14	26
2	L14	25	9
3	L4	23	9
4	L14	21	9
5	L4	28	9
6	L14	7	9
7	L4	25	9
8	L14	24	9
9	L4	1	9
10
11	L4	5	9
12	L14	23	9
13	L4	9	9
14	L10	23	5
15	L4	10	9
16	L11	25	7
17	L4	17	9
18	L14	5	9
19	L4	8	9
20	L10	27	5
21	L11	24	7
22	L10	5	5
23
24	L11	3	7
25	L11	10	7
26	L14	6	9
27	L9	X	2
28	L14	22	9
C	1L1
1
2
3	L8	20	7
4	L7	20	7
5	L9	22	5
6	L6	14	7
7	L6	21	7
8	L7	14	7
9
10	L8	25	7
11
12
13
14
15
16
17
18
19
20
21	L6	25	7
22
23	L9	14	5
24	L8	21	7
2	L8	14	7
26	L6	20	7
27	L9	20	5
28	L7	22	7
C	1L11
1
2
3	L9	24	7
4	L8	22	7
L6	24	6
L7	16	7
L7	21	7
8	L8	16	7
9
J	L9	25	7

1

13
14
15
16
17
18
19
20
21	L7	25	7
22
23	L6	16	9
24	L9	21	7
25	L9	16	7
26	L7	24	7
27	L6	22	9
28	L8	24	7
1L12
1
2
3
4	N15	6	11
5	L6	1	9
6	L6	2	9
7	L6	8	9
8	L6	18	9
9	L6	26	9
10	L6	6	9
11	P22	5	21
12	N15	5	11
13
14	P22	8	21
15
16
17	P22	21	21
18
19	N15	26	13
20	P22	12	21
21	L7	6	9
22	L7	26	9
23	L7	18	9
24	L6	4	9
25	L6	28	9
26	L6	12	9
27	N15	25	13
28
1
2
3
4	N16	6	11
5	L7	12	9
6	L7	28	9
7	L7	4	9
8	L7	1	9
9	L7	2	9
10	L7	8	9
11	P22	23	21
12	N16	5	11
13
14	P22	24	21
15
16
17	P23	5	21
18
19	N16	26	13
20	P23	8	21
21	L8	8	9
22	L8	2	9
23	L8	1	9
24	L8	6	9
25	L8	26	9
26	L8	18	9
27	N16	25	13
28
TJ	1L14
1
2
3
4	N17	6	11
5	L9	18	9
6	L9	26	9
7	L9	6	9
L8	12	9
9	L8	28	9
10	L8	4	9
11	P23	21	21
12	N17	5	11
13
14	P23	12	21
15
16
17	P23	23	21
18
19	N17	26	J3
20	P23	24	21
21	L9	4	9
22	L9	28	9
23	L9	12	9
24	L9	8	9
25	L9	2	9
26	L9	1	9
27	N17	25	21
28
1L15
1	K7	8	13
2	K8	8	13
3	14	18	15
4	K9	8	11
5	L15	X
6	K10	8	11
7	K11	8	11
8	K12	8	9
9	K13	8	9
10	K14	8	9
11	K15	8	9
12
13
14	N11	27	13
15
16	L15	X	2
17	K7	18	13
18	K8	18	13
19	K9	18	13
20	K10	18	11
21	K11	18	11
22	K12	18	11
23	K13	18	9
24	K14	18	9
25	K15	18	9
26
27
28
T	1L16
1	K7	23	13
2	K8	23	13
3	N11	19	13
4	K9	23	11
5	L16	X	2
6	K10	23	11
7	K11	23	11
K12	23	9
9	K13	23	9
10	K14	23	7
J1	K15	23	7
12
13
14	N11	28	15
15
16	L16	X
17	K7	13	13
18	K8	13	13
19	K9	13	13
20	K10	13	11
21	K11	13	11
22	K12	13	9
23	K13	13	9
24	K14	13	9
25	K15	13	6
26
27
28
17
1
2
3
4	N12	14	13
5
6	N13	14	13
7
8	N13	16	13
9
10
11
12
13	H29	1	23
14	L23	14	9
15
16	L5	12	15
17	H6	13	23
18	L23	17	9
19	N13	15	13
20
21	H5	14	23
22	16	7	19
23
24	16	9	19
25
26
27	L18	24	5
28
T	1L18
1
2
3
4	N9	8	15
5	L18	X
6	P10	1	19
7	L24	9	9
8	N15	2	11
9	P8	14	21
10	L24	16	9
11
12	N7	12	17
13
14
15
16
17	16	2	19
18
19	H6	3	23
20	15	9	23
21	L1	X
22	L18	X
23	J7	7	17
24	L17	27	5
25	L18	X	2
26	N17	4	11
27	16	25	19
28
1
1	N11	26	15
2	M24	14	9
3	N11	25	25
4	L22	17	7
5	N11	17	15
6	M17	10	9
7	M18	19	9
8	14	21	15
9	L23	15	7
10	L23	16	7
11
12	15	14	15
13	M18	20	9
14	J15	1	13
15	J15	2	13
16	J15	4	13
17
18
19
20
21
22
23
24
25
26
27
28
B	1L20
1	K23	24	7
2	L27	18	11
3	M21	20	9
4	L26	16	9
5	M24	24	9
6	L20	X	2
7	L22	15	7
8	L20	X	2
9	J25	19	17
10	L20	X	2
11	28	27	17
12	27	7	17
13
14	K22	15	9
15
16	K27	5	13
17
18	J27	23	13
19	L23	21	7
20	K22	16	9
21	L24	11	9
22	J23	28	11
23	L24	13	7
24	L27	16	11
25	K23	5	9
26	L20	X	2
27	L20	X	2
28	L20	X	2
T
1L21
1	J19	18
2	J23	25	11
3	L23	22	7
4	27	5	17
5	M4	25	19
6	J19	14	13
7	N17	13	13
8	N16	13	13
9	M5	25	19
10	L26	2	9
11	M6	25	19
12	K24	21	9
13	M7	25	17
14	N15	13	13
15	L24	23	7
16	L26	3	9
17
18	27	3	17
19	J27	27	13
20	J23	27	11
21
22	L26	10	9
23	K27	3	15
24
25	L23	26	7
26	L23	5	5
27	27	11	11
28	M16	5	9
JACK	PIN	LG
1	L23	10	5
2	H25	14	19
3	L23	25	5
4	H2	4	14	19
5	K28	12	11
6	M16	12	11
7
8	K27	24	9
9	N27	24	13
10	27	23	15
11	M28	3	9
12
13	M28	12	11
14	K27	23	9
15	L20	7	7
16	N28	28	15
17	L19	4	7
18	28	22	15
19	N28	4	13
20	M28	4	9
21	J18	13	13
22	J26	21	13
23	N27	5	13
24	L27	17	9
25	M16	24	13
26	M17	24
27
28	M28	16	11
PP	1L
1	M19	7	9
2	M16	22	13
3	M14	10	13
4	J23	26	11
5	L21	26	5
6	M22	26	13
7	M18	26	11
8	M16	19	13
9	M19	10	9
10	L22	1	5
11	L26	11	7
12	M14	20	13
13	K23	1	9
14	L17	14	9
15	L19	9	7
16	L19	1	7
17	L17	18	9
18	K24	1	9
19	N27	17	13
20	L24	18	5
21	L20	19	7
22	L21	3	7
23	M17	19	11
24
25	L22	3	5
26	L21	25	7
27	M17	9	11
28	M17	22	11
1L24
1	M20	23	13
2	28	14	15
3	M16	10	15
4	16	24	17
5	L24	X	2
6	L24	X	2
7	L24	X	2
8	L24	X	2
9	L18	7	9
10	M20	25	9
11	L20	21	9
12	M22	24	9
13	L20	23	7
14	L24	X	2
15	28	12	17
16	L18	10	9
17	25	15	15
18	L23	20	5
19	16	20	17
20	K23	6	9
21	M16	6	13
22	M20	24	9
23	L21	15	7
24	M22	15	7
25	L25	23	5
26	L24	X	2
27	M17	23	13
28	L24	X	2
1L25
1	M15	9	15
2	H26	11	19
3	L29	18	7
4	H27	11	19
5	H30	6	21
6	L29	15	7
7	L29	4	7
8	L30	4	9
9	J29	2	13
10	H28	11	19
11	J29	4	13
12
13
14
15
16	N27	26	13
17
18	M28	7	7
19
20
21	J26	11	13
22	L27	6	7
23	L24	25	5
24
25	M14	28	15
26	M17	5	13
27	L26	23	5
28	N25	18	13
1	N27	20	13
2	L21	10	9
3	L21	16	6
4	J17	23	15
5	L26	X
6	K23	19	9
7	L26	X	2
8	L26	X
9	J23	2	13
10	L21	22	9
11	L23	11	7
12	M17	3	13
13	K20	6	11
14	L26	X	2
15	M20	20	13
16	L20	4	11
17	M22	23	9
18	N25	24	13
19	L26	X	2
20	N11	21	19
21	M17	4	13
22	K23	9	7
23	L25	27	5
24	H29	17	19
25	M17	28	J5
26	L26	X	2
27	M17	27	15
28	L26	X	2
1L27
1	M19	22	13
2	K29	6	9
3	M22	25	11
4	K27	12	7
5	L27	X	2
6	L25	22	7
7	L27	X	2
8	M24	20	9
9	K23	28	9
10	J23	17	13
11	N11	24	21
12	K23	11	11
13	K29	2	9
14	H29	28	19
15	M20	18	13
16	L20	24	11
17	L22	24	9
18	L20	2	11
19	L27	X	2
20	K23	25	9
21	M27	1	7
22	M23	4	9
23	M22	28	9
24	M23	25	9
25	L27	X	2
26	M25	26	9
27	L27	X	2
28	L27	X	2
1L28
1	M21	7	13
2	K23	20	11
3	29	10	15
4	M21	18	13
5	J17	G	17
6	L28	8	17
7	L28	X	2
8	J26	13	13
9	J19	23	15
10	M23	6	11
11	J16	21	17
12	M22	8	9
13	J18	5	17
14	M25	25	9
15	M20	1	13
16	J16	23	17
17	M25	23
18	M21	25	13
19	L28	X	2
20	25	5	17
21	M23	11	9
22	J29	15	13
23	M22	10
24	J29	21	11
25	M14	25	17
26	J29	12	13
27	L28	X	2
28	J29	24	11
11
1	H30	25	19
2	H30	1	21
3	J29	19	11
4	L25	7	9
5	J29	8	13
6	M15	10	17
7	J16	24	17
8	M27	24	9
9	K23	26	11
10	M25	21	9
11	31	25	15
12	J18	12	17
13	25	27	15
14	J18	18	17
15	L25	6	7
16	31	1	17
25	25	15
18	L25	3	7
19	J18	16	17
20	K24	2	11
21	J29	22	13
22	M25	11	9
23	25	13
24	M14	26	19
25	J29	5	13
26	M15	25	17
27	K29	25	7
28	H31	21
1L30
1	K30	1	9
2	L32	3	7
3	K25	8	11
4	L25	8
5	K25	19	11
6	M15	12	19
7	J16	26	19
8	M27	22	9
9
10	M25	24	9
11	J30	25	11
12	J18	10	17
23	15
14	J18	22	17
15	M21	26	15
16
28	24	15
18
19	J18	20	17
20	K24	4	13
21	K25	5	11
22	M25	13	9
23	N15	4	19
24	M14	22	19
25	K25	22	11
26	M15	19	19
27	J30	1	13
28
1	1L31
1	19	21	19
2	19	12	19
3	L31	X	2
4	L31	X	2
5	K33	12	9
6	K33	21	9
7	L35	12	7
8	L35	21	7
9	L41	12	11
10	L41	21	11
11	K41	12	13
12	K41	21	13
13	J41	13	15
14	J41	18	15
15	K33	8	9
16	K33	5	9
17	L35	8	7
18	L35	5	7
19	L41	8	11
20	L41	5	11
21	K41	8	13
22	K41	5	13
23	J41	9	15
24	J41	11	15
25	19	9	19
26	19	8	J9
27	L31	X	2
28	L31	X	2

1	L37	9	7
2	L37	22	7
3	L30	2	7
4	L38	9	9
5	L32	X	2
6	L38	22	9
7	L39	9	9
8	L39	22	9
9	L40	9	11
10	L40	22	11
11	L41	9	11
12	L41	22	13
13	L42	9	13
14	H4	26	31
15	L42	22	13
16	L32	X	2
17	L37	7	7
18	L37	20	7
19	L38	7	9
20	L38	20	9
21	L39	7	9
22	L39	20	9
23	L40	7	11
24	L40	20	11
25	L41	7	11
26	L41	20	13
27	L42	7	L3
28	L42	20
1L33
1	L37	8	7
2	L37	5	7
3
4
5	K33	2	9
6
7	K32	17	7
8	K33	1	9
9	J30	2	13
10
11
12	K33	14	7
13
14	L37	12	7
15
16
17
18
19	L37	21	7
20	K32	18	9
21	K33	19	7
22	J30	12	13
23	K33	28	7
24	K33	27	7
25
26
27	L37	24	7
2	L37	23	7
1L3
1	L38	8	7
2	L38	5	7
3
4
5	134	2	9
6
7	K32	19	9
8	K34	1	9
9	J30	10	13
10
11
12	K34	14	7
13
14	L38	12	7
15
16
17
18
19	L38	21	7
20	K32	20	7
21	K34	19	7
22	J30	4	15
23	K34	28	7
24	K34	27	7
25
26
27	L38	24	7
28	L38	23	7
1L35
1	L39	8	7
2	L39	5	7
3
4
5	L31	18	7
6
7	K32	21	9
8	L31	17	7
9	J30	23	11
10
11
12	L31	7	7
13
14	L39	12	7
15
16
17
18
19	L39	21	7
20	K32	22	9
21	L31	7
22	J30	19	11
23	K31	18	7
24	K31	17	9
25
26
27	L39	24	7
28	L39	23	7
1L36
1	L40	8	7
2	40	5	7
3
4
5	K31	8	9
6
7	K32	23	9
8	K31	7	9
9	J30	17	15
10
11
12	J31	17	15
13
14	L40	12	7
15
16
17
18
19	L40	21	7
20	K32	24	9
21	J31	18	15
22	J30	27	15
23	J31	8	15
24	J31	7	15
25
26
27	L40	24	7
28	L40	23	7
1L37
1	K35	8	9
2	K35	5	9

4
5	L33	2	7
6
7	L32	17	7
8	L3	1
9	L32	1	7
10
11
12	L33	14	7
13
14	K35	12	9
15
16
17
18
19	K35	21	9
20	L32	18	7
21	L33	9	7
22	L32	2	9
23	L33	28	7
24	L33	27	7
25
26
27	K35	24	9
28	K35	23	9
1L38
1	K36	8	9
2	K36	5	9
3
4
5	L34	2	7
6
7	L32	19	9
8	L34	1	7
9	L32	4	9
10
11
12	L34	14	7
13
14	K36	12	9
15
16
17
18
19	K36	21	9
20	L32	20	9
21	L34	19	7
22	L32	6	9
23	L34	28	7
24	L34	27	7
25
26
27	K36	24	9
28	K36	23	9
1L39
1	K37	C	6
2	K37	5	9
3
4
5	L35	2	7
6
7	L32	21	11
8	L35	1	7
9	L32	7	11
10
11
12	L35	14	7
13
14	K37	12	9
15
16
17
18
19	K37	21	9
20	L32	22	11
21	L35	19	7
22	L32	11
23	L35	28	7
24	L35	27	7
25
26
27	K37	24	9
28	K37	23	9
1L40
1	K38	G	9
2	K38	5	9
3
4
5	L36	2	7
6
7	L32	23	13
8	L36	1	7
9	L32	9	13
10
11
12	L36	14	7
13
14	K38	12	9
15
16
17
18
19	K38	21	9
20	L32	24	13
21	L36	19	7
22	L32	10	13
23	L36	28	7
24	L36	27	7
25
26
27	K38	24	9
28	K38	23	9
I	1
1	K39	9
2	K39	5	9
3
4
5	L31	20	13
6
7	L32	25	13
8	L31	19	13
9	L32	11	13
10
11
12	L31	9	13
13
14	K39	12	9
15
16
17
18
19	K39	21	6
20	L32	26	13
21	L31	10	13
22	L32	12	13
23	K31	20	15
24	K31	19	19
25
26
27	K39	24	9
28	K39	23	9
1L42
1	K40	8	9
2	K40	5	9
3
4
5	K31	10	15
6
7	L32	27	15
8	K31	9	15
9	L32	13	15
10
11
12	J31	19	17
13
14	K40	12	9
15
16
17
18
19	K40	21	9
20	L32	28	15
21	J31	20	17
22	L32	15	15
23	J31	10	17
24	J31	9	17
25
26
27	K40	24	9
28	K40	23	9
1
I
1
2	M8	2	9

4	M8	5	9
5	N18	11	19
6	N18	12	19
7	M13	5	15
8	M13	2	15
9	M4	14	7
10
11	N6	1	9
12
13	J26	14	29
14	M4	13	7
15	M8	7	9
16
17	M8	22	9
18	M4	18	7
19
20	M1	X	2
21	M5	13	7
22	N6	2	9
23	M13	23	15
24	M13	16	15
25	N18	19	19
26	N18	22	19
27
28
PC	1M2
1
2	M8	24	9
3
4	M8	23	9
5	N19	11	19
6	N19	12	19
7	M13	22	15
8	M13	14	15
9	M5	18	7
10
11	N6	4	9
12
13	J26	16	27
14	M5	14	7
15
16
17
18	M6	13	7
19
20	M2	X	2
21	M6	14	7
22	N6	6	9
23	M12	14	15
24	M12	5	13
25	N19	19	19
26	N19	22	19
27
28
PC	1M3
1
2
3
4
5	N20	11	19
6	N20	12	19
7	M12	2	13
M12	23	13
9	7	13	7
10
11	N6	7	9
12
13	J26	18	27
14	M6	18	7
15
16
17
18	M7	14	9
19
20	M3	X	2
21	M7	18	9
22	N6	8	9
23	M12	16	13
24	M12	15	13
25	N20	19	19
26	N20	22	19
27
28
1	4
1
2
3	M5	26	5
4
5	M6	26	7
6
7	M7	26	7
8
9	N15	7	15
10
11
12
13	M1	14	7
14	M1	9	7
15
16
17
18	M1	18	7
19
20	N15	23	15
21
22
23
24	N15	8	15
25	L21	5	19
26	M4	X	2
27	M4	X	2
28	M4	X	2
1
1
2
3	I
4
5	M6	27	5
6
7	M7	27	7
8
9	N15	24	15
10
11
12
13	M1	21	7
14	M2	14	7
15
16
17
18	M2	9	7
19
20	N16	8	15
21
22
23
24	N16	7	15
25	L21	9	19
26	M4	3	5
27	M5	X	2
M5	2
1
2
3
4
5
6
7	M7	28	5
8
9	N16	23	15
10
11
12
13	M2	18	7
14	M2	21	7
15
16
17
18	M3	14	7
19
20	N17	7	15
21
22
23
24	N16	24	15
25	L21	11	17
26	M4	5	7
27	M5	5	5
28	M6	X	2
1M7
1
2
3
4
5
6
7
8
9	N17	8	13
10
11
12
13	M3	9	9
14	M3	18	9
15
16
17
18	M3	21	9
19
20	N17	24	13
21
22
23
24	N17	23	13
25	L21	13	17
26	M4	7	7
27	M5	7	7
28	M6	7	5
1M8
1	M8	X	2
2	M1	2	9
3	17	17	21
4	17	10	21
5	M1	4	9
6	M8	X	2
7	M1	15	9
8	L1	16	11
9	L1	15	11
10	L1	26	11
11
12	M8	X	2
13	17	20	21
14	J16	20	17
15	J26	19	23
16	K24	12	19
17	M8	X	2
18	17	11	21
19	L2	15	11
20	L2	26	11
21	L2	16	11
22	M1	17	9
23	M2	4	9
24	M2	2	9
25	17	15	21
26	17	7	21
27	M8	X	2
28	M8	X	2

1M9
1	M9	X	2
M9	X	2
3	K11	10	13
4	K10	10	13
5	M9	X	2
6	M9	X	2
7	M9	X	2
8	L3	16	11
9	L3	15	11
10	L3	26	11
11
12	M9	X	2
13	K12	10	13
14	J24	17	21
15	J16	12	17
16	K24	13	19
17	M9	X	2
18	K13	10	13
19	L4	15	11
20	L4	26	11
21	L4	16	11
22	M9	X	2
23	M9	X	2
24	M9	X	2
25	K15	10	11
26	K14	10	11
27	M9	X	2
28	M9	X	2
1M10
1
2
N18	5	13
4	N18	6	13
5	N22	5	15
6	N22	6	15
7	N22	23	15
8	L1	12	13
9	L1	11	13
10	L1	27	13
11
12
13	N18	23	13
14	K23	22	17
15	J24	11	21
16	M10	X
17
18	N18	21	13
19	L2	11	13
20	L2	27	13
21	L2	12	13
22	N22	21	15
23	N23	5	15
24	N23	6	15
25	N19	5	13
26	N19	6	13
27
28
1M11
1
2
3	N19	21	13
4	N19	23	13
5	N23	21	15
6	N23	23	15
7	N24	6	17
8	L3	12	13
9	L3	11	13
10	L3	27	13
11
12
13	N20	6	17
14	K23	21	17
15	J24	9	21
16	M11	X
17
18	N20	5	17
19	L4	11	11
20	L4	27	11
21	L4	12	11
22	N24	5	15
23	N24	21	15
24	N24	23	15
25	N20	21	13
26	N20	23	13
27
28
1M12
1	24	8	23
2	M3	7	13
3	24	12	23
4
5	M2	24	13
6	24	9	23
7	K21	2	15
8	O28	25	21
9	K21	1	15
10	K21	12	15
11	O28	26	21
12	O29	5	21
13
14	M2	23	13
15	M3	24	13
16	M3	23	13
17	K21	17	15
18	K21	28	15
19
20	O29	25	21
21	K21	27	15
22	O29	26	21
23	M3	8	13
24
25	24	18	23
26	24	19	23
27	O29	6	19
28	23	19	25
1M13
1	19	17	19
2	M1	8	15
3	19	11	19
4	18	23	23
5	M1	7	15
6	19	7	19
7	K20	27	13
8	O28	6	19
9	K20	2	15
10	K20	1	15
11	O27		17
12	O27	6	17
13	17	23	19
14	M2	8	15
15	O28	5	19
16	M1	24	15
17	K20	12	15
18	K20	17	15
19	O27	25	19
20	O27	26	19
21	K20	28	15
22	M2	7	15
23	M1	23	15
24	J8	23	15
25	19	15	19
26	11	10	19
27	J7	23	17
28	19	20	19
PD
1M14
1
2
3
4	M28	5	17
5	M25	14	15
6	M25	3	15
7
8
9
10	L23	3	13
11
12
13	O12	25	13
14	O12	11	13
15
16	N14	17	7
17	O12	7	13
18	O12	22	13
19
20	L23	12	13
21
22	L30	24	19
23	M27	14	17
24	M28	19	17
25	L28	25	17
26	L29	24	17
27
28	L25	25	15
1

3
4
5
6
7	28	20	23
8	K28	3	J9
9	L25	1	15
10	L29	6	17
11	12	26	21
12	L30	6	17
13	O12	3	11
14	O12	8	11
15
16	N14	18	7
17	O12	6	11
18	O12	27	11
19	L30	26	17
20
21
22	25	10	21
23
24	J28	19	23
25	L29	26	17
26
27
28
1M16
1
2
M23	14	11
4	M22	14	9
5	L21	28	9
6	L2	21	13
7	M21	1	9
	25	23	19
9	M21	2	9
10	L24	3	13
11	25	21	11
12	L22	6	11
13	O13	25	13
14	O13	11	13
15
16	N14	19	C
17	O13	7	13
18	O13	22	13
19	L23	8	13
20
21	M23	16	11
22	L23	2	13
23
24	L22	25	11
25
26	N27	23	15
27
28	M22	3	9
1M17
1
2
3	L26	12	13
4	L26	21	13
5	L25	26	13
6
7	N27	3	13
8	28	5	23
9	L23	27	11
10	L19	6	9
11	28	11	23
12	N27	10	13
13	O13	3	11
14	O13	8	11
15
16	N14	20	9
17	O13	6	11
18	O13	27	13
19	L23	23	11
20	M24	1	11
21
22	L23	28	11
23	L24	27	11
24	L22	26	9
25	28	3	23
26	28	9	23
27	L26	27	13
28	L26	25	13
P	1M18
1
2
3
4
5
6	M23	3	9
7	M21	4	7
8
9
10
11	M21	3	7
12
13	O14	25	13
14	O14	11	13
15
16	N14	21	9
17	O14	7	13
18	O14	22	13
19	L19	7	9
20	L19	13	9
21
22
23	M20	14	7
24
25
26	L23	7	11
27
28	J16	25	15
1
1
2
3
4
5	M20	3	5
6
7	L23	1	11
8
9
10	L23	9	11
11	K28	2	15
12
13	O14	3	13
14	O14	8	13
15
16	N14	22	11
17	O14	6	13
18	O14	27	15
19	N25	22	11
20	M24	2	9
21	M27	3	11
22	L27	1	13
23	28	7	21
24	N27	25	13
25
26
27	N28	2	13
28	1	25	24	19
T	1M20
1	L28	15	11
2	K28	1	15
3	M19	5	5
4	K28	22	13
5	M20	X	2
6	N25	15
7
8
9
10
11
12
13
14	M18	23	7
15
16	M20	X	2
17
18	L27	15	11
19
20	L26	15	11
21
22
23	L24	1	11
24	L24	22	9
25	L24	10	9
26
27
28
1M21
1	M16	7	9
2	M16	9	9
3	M18	11	7
4	M18	7	7
5
6	27	6	21
7	L28	1	13
8	J27	2	17
9	26	17	19
10	H29	8	25
11	H29	3	25
12	J24	7	17
13	29	22	19
14	N25	21	9
15	K30	28	15
16	K24	6	13
17	K30	25	15
1	L28	4	11
1	K30	6	15
20	L20	3	13
21	K30	3	15
22	K29	26	15
23	K30	26	15
24	27	25	19
25	L28	18	11
26	L30	15	13
27	M21	X	2
28	M21	X	2
T	1M22
1
2
I	3	M16	28	11
4	K28	17	11
5	M22	X	2
6
7	N27	8	9
8	L28	12	9
9	N25	12	9
10	L28	23	9
11	28	26	19
12
13	N28	5	9
14	M16	4	11
15	L24	24	7
16	M22	X	2
17
18
19
20	26	12	19
21
22	N27	21	9
23	L26	17	9
24	L24	12	9
25	L27	3	11
26	L23	6	19
27	11	23	19
28	L27	23	9
T	1M23
1
2
3	M18	6	9
4	L27	22	9
5	M23	X	2
6	L28	10	9
7	K28	15	13
8
9	N25	10	7
10
11	L28	21	9
12
13
14	M16	3	11
15	K28	10	13
16	M16	21	11
17
18
19
20	N25	4	7
21
22	N25	3	7
23	K28	23	13
24	M28	23	9
25	L27	24	9
26	M28	17	9
27
28
1M24
1	M17	20	11
2	M19	20	9
3	M24	X
4	M24	X	2
5	K28	21	13
6	N27	22	9
7	26	10	19
8	N28	26	9
9	M28	2	7
10
J1	M28	1	7
12
13	N25	1	7
14	L19	2	9
15	J18	23	17
16	J16	8	19
17	K29	28	13
	J18	11	17
19
20	L27	8	9
21	27	21	19
22	J26	7	17
23
24	L20	5	11
25	N25	20	7
26	N25	13	7
27	M24	X	2
28	N25	9	7
T	1M25
1
2
3	M14	6	15
4
5	M25	X	2
6	K28	25	11
7	K28	19	11
8	K28	4	13
9	N25	6	7
10	K28	24	11
11	L29	22	6
12
13	L30	22	9
14	M14	5	15
15	K28	14	13
16	M25	X	2
17
18	N25	17	7
19
20	N25	14	7
21	L29	11	9
22	M28	25	7
23	L28	17	9
24	L30	10	9
25	L28	14	9
26	L27	26	7
27
28	N25	5	7
1	L27	21	7
2
3	M19	21	13
4	M28	21	5
5	M27	X	2
6	15	21	23
7	M28	15	5
8
	N25	2	7
10
11	M28	10	5
12
13
14	M14	23	17
15
16	M27	X	2
17
18
19
20
21	M28	14	5
22	L30	8	9
23	25	9	19
24	L29	8	9
25	M28	6
26	N28	27	7
27
28
1M28
1	M24	11	7
2	M24	9	7
3	L22	11	11
4	L22	20	11
5	M14	4	17
6	M27	25	5
7	L25	18	7
8	M28	X	2
9	J26	24	15
10	M27	11	5
11	27	19	23
12	L22	13	11
13	27	17	23
14	M27	21	5
15	M27	7	5
16	L22	28	11
17	M23	26	9
18	J26	26	15
19	M14	24	17
20	J18	4	17
21	M27	4	5
22	P13	19	21
23	M23	24	9
24	N27	27	7
25	M25	22	7
26	M28	X	2
27	M28	X	2
28	M28	X	2
T	1M29
1	M32	10	7
2	M32	13	7
3	P29	10	15
4	P29	13	15
5	R32	10	23
6	R32	13	23
7	H11	3	29
8	H11	4	29
9	H21	1	25
10	K16	7	19
11	Q29	14	19
J2	Q28	14	19
13	K1	8	19
14	H21	2	25
15	Q29	22	19
16	Q28	22	19
17	K16	22	17
18	H21	28	23
19	H21	27	23
20	K16	21	17
21	H11	27	27
22	H11	23	27
23	R32	20	23
24	R32	17	23
25	P29	20	17
26	P29	17	17
27	M32	20	7
28	M32	17	7
T	1M30
1	M33	10	7
2	M33	13	7
3	P30	10	15
4	P30	13	15
5	R33	10	17
6	R33	13	17
7	H12	3	29
I	8	H12	4	29
9	H22	1	25
10	K17	7	19
11	Q29	8	13
12	Q28	8	13
13	K17	8	19
14	H22	2	25
15	Q29	21	13
16	Q28	21	13
17	K17	22	19
18	H22	28	25
19	H22	27	25
20	K17	21	19
21	H12	27	27
22	H12	23	27
23	R33	20	23
24	R33	17	23
25	P30	20	23
26	130	17	23
27	M33	20	7
28	M33	17	7
T	1M31
1	M34	10	7
2	M34	13	7
3	P31	10	15
4	P31	13	15
5	R34	10	23
R34	13	23
7	H13	3	29
8	H13	4	29
9	H23	1	25
10	K18	7	19
11	Q29	7	19
12	Q28	7	19
13	K18	8	19
14	H23	2	25
15	Q29	15	19
16	Q28	15	19
1	K18	22	1
18	H23	28	19
19	H23	27	19
20	K18	21	19
21	H13	27	29
22	H13	23	29
23	R34	20	23
24	R34	17	23
25	P31	0	17
26	P1	17	17
27	M34	20	7
28	M34	17	7
1	M36	7	7
2	M36	8	7
3	M40	7	11
4	M40	8	11
5	N36	7	9
6	N36	8	9
7	N40	7	11
8	N40	8	11
9
10	M29	1	7
11	Q31	1	17
12	Q30	1	17
13	M29	2	7
14
15	Q31	17	19
16	Q30	17	19
17	M29	28	7
18
19
20	M29	27	7
21	N40	22	13
22	N40	21	13
23	N36	22	7
24	N36	21	7
25	M40	22	11
26	M40	21	11
27	M36	22	7
28	M36	21	7
1M33
1	M37	7	7
2	M37	8	7
3	M41	7	11
4	M41	8	11
5	N37	7	9
6	N37	8	9
7	N41	7	13
8	N41	8	13
9
10	M30	1	7
11	Q31	2	19
12	Q30	2	19
13	M30	2	7
14
15	Q31	18	19
16	Q30	18	19
17	M30	28	7
18
19
20	M30	27	7
21	N41	22	13
22	N41	21	13
23	N37	22	9
24	N37	21	9
25	M41	22	11
26	M41	21	11
27	M37	22	7
28	M37	21	7
T	1M34
1	M38	7	7
2	M38	8	7
3	M42	7	11
4	M42	8	11
5	N38	7	9
6	N38	8	9
7	N42	7	7
8	N42	8	11
9
10	M31	1	7
11	Q31	4.	19
12	Q30	4	19
13	M31	2	7
14
15	Q31	19	19
16	Q30	19	19
17	M31	28	7
18
19
20	M31	27	7
21	N42	22	13
22	N42	21	13
23	N38	22	9
24	N38	21	9
25	M42	22	11
26	M42	21	11
27	M38	22	7
28	M38	21	7
1M35
1
2
3	W14	906
4
5	O32	17	13
6	O33	1	11
7
8	W13	905
9	W14	905
10	N30	8	11
11
12	O31	1	13
13	W14	904
14	W13	903
15	W13	904
16
17	O32	1	11
18	W14	903
19	Q32	4	19
20
21	N31	8	9
22	W14	902
23	Q12	20	29
24	M36	14	5
25	W13	902
26	M37	14	5
27	O31	17	13
28	M38	14	7
PI	1M36
1	W13	906
2	O34	15	13
3
4	W13	91
5	W14	90
6	W13	90
7	M32	1	7
8	M32	2	7
9
10
11	W14	91
12
13
14	M35	24	5
15	N32	17	9
16	N33	1	
17	N32	1	9
18	N33	17	9
19	Q32	7	19
20
21	M32	28	7
22	M32	27	7
23	W13	92
24	W14	93
25
26
27	W13	93
28	W14	92
P	1M37
1	W13	907
2	O34	25	13
3
4	W13	95
5	W14	94
6	W13	94
7	M33	1	7
O	M33	2	7
9
10
11	W14	95
12
13
14	M35	26	5
15	N34	17	9
16	P32	1	15
17	N34	1	7
18	P32	17	17
19	Q32	6	19
20
21	M33	28	7
22	M33	27	7
23	W13	96
24	W14	97
25
26
27	W13	97
28	W14	96
PI	1M38
1	W14	907
2	O33	25	15
3
4	W13	99
5	W14	98
6	W13	98
7	M34	1	7
8	M34	2	7
9
10
11	W14	99
12
13
14	M35	28	7
15	P33	17	17
16	P34	1	15
17	P33	1	15
18	P34	17	17
19	Q32	11	19
20
21	M34	28	7
22	M34	27	7
23	W13	900
24	W14	901
25
26
27	W13	901
28	W14	900
PK
1M39
1
2
3	W16	906
4
5	O32	18	15
6	O33	2	13
7
8	W15	905
9	W16	905
10	N30	22	15
11
12	O31	2	15
13	W16	904
14	W15	903
15	W15	904
16
17	O32	2	15
18	W16	903
19	Q32	3	21
20
21	N31	22	13
22	W16	902
23	N29	12	15
24	M40	14	5
25	W15	902
26	M41	14	5
27	O31	18	15
28	M42	14	7
1M40
1	W15	906
2	O34	12	13
3
4	W15	91
5	W16	90
6	W15	90
7	M32	3	13
8	M32	4	13
9
10
11	W16	91
12
13
14	M39	24	5
15	N32	18	13
16	N33	2	13
17	N32	2	13
18	N33	18	13
19	Q32	21
20
21	M32	26	13
22	M32	25	13
23	W15	92
24	W16	93
25
26
27	W15	93
28	W16	92
1	W15	907
2	O34	18	15
3
4	W15	95
5	W16	94
6	W15	94
7	M33	3	13
8	M33	4	13
9
10
11	W16	95
12
13
14	M39	26	5
15	N34	18	13
16	P32	2	17
17	N34	2
18	P32	18	19
19	Q32	10	21
20
21	M33	26	13
22	M33	25	13
23	W15	96
24	W16	97
25
26
27	W15	97
28	W16	96
1M42
1	W16	907
2	O33	18	15
3
4	W15	99
5	W16	98
6	W15	98
7	M34	3	13
8	M34	4	13
9
10
11	W16	99
12
13
14	M39	28	7
15	P33	18	19
16	P34	2	17
17	P33	2	17
18	P34	18	17
19	Q32	12	21
20
21	M34	26	13
22	M34	25	13
23	W15	900
24	W16	901
25
26
27	W15	901
28	W16	900
1
2
3	K16	3	23
4	K16	4	23
5
6
7	O27	3	27
	O27	4	27
9		9	47
10	P40	11	47
11	H24	6	35
12	H24	5	35
13	R8	12	19
14	R8	11	19
15
N14	1	15
17	R8	22	21
18	R8	19	21
19	H24	7	35
20	O27	27	27
21
22	H24	22	33
23
24	O27	28	27
25	P40	13	47
26	P40	18	47
27	K16	25	21
28	K16	26	21
2
1
2
3	K17	3	23
4	K17	4	23
5
6
7	O28	3	27
8	O28	4	27
9	P40	20	47
10	P40	22	47
11	H24	24	33
12	H24	23	33
13	R9	12	19
14	R9	11	19
15
16	N14	2	15
17	R9	22	21
18	R9	19	21
19	H25	6	35
20	O28	27	27
21
22	H25	5	35
23
24	O28	28	27
25	P41	9	47
26	P41	11	47
27	K17	25	21
28	K17	26	21
1N3
1
2
3	K18	3	23
4	K18	4	23
5
6
7	O29	3	27
8	O29	4	27
9	P41	13	47
10	P41	18	47
11	H25	7	33
12	H25	22	33
13	R10	12	19
14	R10	11	19
15
16	N14	4	15
17	R10	22	21
18	R10	19	21
19	H25	24	33
20	O29	27	27
21
22	H25	23	33
23
24	O29	28	27
25	P41	20	47
26	P41	22	47
27	K18	25	21
28	K18	26	21
1
2
3	K19	3	23
4	K19	4	23
5
6
7
8
9	P42	9	47
10	P42	11	47
11
12
13	R11	12	19
14	R11	11	19
15
16	N14	6	13
17	R11	22	21
18	R11	19	21
19
20
21	K19	18	21
22
23	K19	13	21
24
25	P42	13	47
26	P42	18	47
27
28
115
1
2
3	16	28	29
4	K19	26	21
5	K19	25	21
6
7
8	26	27	29
9	P42	20	47
10	P42	22	47
11
12
13	R12	12	19
14	R12	11	19
15
16	N14	7	13
17
18
19
20
21
22
23
24
25
26
27
28
T	1N6
1	M1	11	9
M1	22	9
3	H4	22	25
M2	11	9
5	N6	X	2
6	M2	22	9
M3	11	9
M3	22	9
9	N7	7	5
10	N7	20	5
11	N8	7	7
12	I8	20	7
13	N9	7	7
14	H3	21	25
15	N9	20	7
16	N6	X	2
17	O1	27	11
18	O2	27	11
19	O3	27	9
20	O4	27	9
21	O5	27	9
22	O6	27	9
23	O8	22	7
24	O9	22	7
25	O10	22	9
26	N10	7	7
27	N10	20	7
28	N11	7	7
I
1	O11	13	6
2	O11	14	9
3
4
5	P8	2	11
6
7	N6	9	5
8	P8	1	11
9	N7	X	2
10
11
12	L18	12	17
13
14	O11	18	9
15
16
17
18
19	N10	8	7
20	N6	10	5
21	O8	9	7
22	N7	X
23	O8	1	7
24	O8	3	7
25
26
27	N10	5	7
28	N10	12	7
1
1	N13	6	7
2	N13	5	7
3
4
5	P9	2	11
6
7	N6	11	7
8	P9	1	11
9	N8	X	2
10
11
12	P9	14	11
13
14	N13	7	7
15
16
17
18
19	N10	21	7
20	N6	12	7
21	O9	6	7
22	N8	X	2
23	O9	1	7
24	O9	3	7
25
26
27	N10	24	7
28	N10	23	7
1N9
1	N13	22	7
2	N13	24	7
3
4
5	P10	2	11
6
7	N6	13	7
I	8	L18	4	15
9	N9	X
10
11
12	P10	14	13
13
14	N13	23	7
15
16
17
18
19	N11	8	7
20	N6	15	7
21	O10	9	7
22	N9	X	2
23	O10	1	7
24	O10	3	7
25
26
27	N11	5	7
28	N11	12	7
1
1	P11	14	13
2	P11	13	13
3
4
5	N7	27	7
6
7	N6	26	7
8	N7	19	7
9	N10	X	2
10
11
12	N7	28	7
13
14	P11	18	13
15
16
17
18
19	P11	17	13
20	N6	27	7
21	N8	19	7
22	N10	X	2
23	N8	28	7
24	N8	27	7
25
26
27	P12	14	13
28	P12	13	13
1N11
1	P12	18	13
2	P12	17	13
3
4
5	N9	27	7
6
7	N6	28	9
8	N9	19	7
9	N11	X	2
10
11
12	N9	28	7
13
14	P13	17	13
15
16
17	L19	5	15
18
19	L16	3	15
20	L5	11	13
21	L26	20	19
22	N11	X	2
23	H29	13	31
24	L27	11	19
25	L19	3	15
26	L19	1	15
27	L15	14	13
28	L16	14	13
1
2
3
4
5	O11	24	9
6	O11	9	7
7	11	20	9
8	O8	6	9
9	O8	7	9
10	O8	10	9
J1
12
13
14	L17	4	15
15	N12	X	2
16	N12	X	2
17
18
19
20
21
22
23
24
25
26
27
28
1N13
1	28	6	33
2	28	3	33
3	J15	6	19
4	J15	7	19
5	N8	2	7
6	N8	1	7
7	N8	14	7
8	O9	6	9
9	O9	7	9
10	O9	10	9
11
12	28	10	33
13	N13	X	2
14	L17	6	13
15	L17	1	13
16	L17	8	13
17	28	17	33
8	N13	X	2
19	O10	7	9
20	O10	10	9
21	O10	6	9
22	N9	1	7
23	N9	14	7
24	N9	2	7
25	J15	8
26	N13	X	2
27	28	26	33
28	28	25	33
1	N1	16	15
2	N2	16	15
3	H3	8	29
4	N3	16	13
5	N14	X	2
6	N4	16	13
7	N5	16	J3
8	N18	16	7
9	N19	16	7
10	N20	16	9
11	N22	16	11
12	N23	16	13
13	N24	16	13
14	H4	23	27
15	N28	16	17
16	N14	X	2
17	M14.	16	7
18	M15	16	7
19	M16	16	9
20	M17	16	9
21	1	16	9
22	M19	16	11
23	N15	11	5
24	N15	22	5
25	N16	11	7
26	N16	22	7
27	N17	11	7
28	N17	22	7
PC	1N15
1
2	L18	8	13
3
4	L30	23	19
5	L12	12	13
6	L12	4	13
7	M4	9	15
8	M4	24	15
9	O17	6	7
10
11	N14	23	5
12
13	L21	14	13
J4	O17	7	7
15
16
17
18	O17	10	7
19
20	N15	X	2
21	O18	7	7
22	N14	24	5
23	M4	20	15
24	M5	9	15
25	L12	27	11
26	L12	19	11
27
28
PC
1	116
1
2
3
4
5	L13	12	13
6	L13	4	13
7	M5	24	15
8	M5	20	15
9	O18	10	7
10
11	N14	25	7
12
13	L21	8	13
J4	18	6	7
15
16
17
18	O19	7	7
19
20	N16	X	2
21	O19	6	7
22	N14	26	7
23	M6	9	13
24	M6	24	13
25	L13	27	13
26	L13	19	13
27
28
PC	1N17
1
2	K20	14	15
3
4	L18	26	11
5	L14	12	13
6	L14	4	13
7	M6	20	15
8	M7	9	15
9	O20	7	7
10
11	N14	27	7
12
13	L21	7	13
14	O19	10	7
15	O30	23	17
16
17
18	O20	6	7
1
20	N17	X	2
21	O20	10	7
22	N14	28	7
23	M7	24	15
24	M7	20	15
25	L14	27	13
26	L14	19	13
27
28
1
2
3
4
5	M10	3	13
6	M10	4	13
7	H24	4	27
8
9
10	H24	3	27
11	M1	5	19
12	M1	6	19
13	Q16	2	15
14	Q16	1	15
15
16	N14	8	7
17	Q16	17	15
18	Q16	14	15
19	M1	25	19
20	H24	13	27
21	M10	18	13
22	M1	26	19
23	M10	13	13
24	H24	18	27
25
26
27
28
P
1N19
1
2
3
4
5	M10	25	13
6	M10	26	13
7	H24	26	27
8
9
10	H24	25	27
11	M2	5	19
12	M2	6	19
13	Q16	26	17
14	Q16	25	17
15
16	N14	9	7
17	Q17	2	15
18	Q17	1	15
19	M2	25	19
20	H25	4	27
21	M11	3	13
22	M2	26	19
23	M11	4	13
24	H25	3	27
25
26
27
28
1N20
1
2
3
4
5	M11	18	13
6	M11	13	13
7	H25	13	27
8
9
10	H25	18	27
11	M3	5	19
12	M3	6	19
13	Q17	17	17
14	Q17	14	17
15
16	N14	10	9
17	Q17	26	17
18	Q17	25	17
19	M3	25	19
20	H25	26	27
21	M11	25	27
22	M3	26	19
23	M11	26	13
24	H25	25	27
25
26
27
28
1N22
1
2
3	K22	3	17
4	K22	4	17
5	M10	5	17
6	M10	6	17
7	K22	2	17
8	K22	1	17
9
10
11
12
13	R22	12	19
14	R22	11	19
15
16	N14	11	13
17	R22	22	19
18	R22	19	19
19	K22	12	17
20
21	M10	22	17
22	K22	17	17
23	M10	7	17
24
25
26
27	K22	18	17
28	K22	13	17
1N23
1
2
3	K22	25	15
4	K22	26	15
5	M10	23	17
6	M10	24	17
7	K22	28	15
8	K22	27	17
9
10
11
12
13	R23	12	19
14	R23	11	19
15
16	N14	12	13
17	R23	22	19
18	R23	19	19
19
20
21	M11	L	17
22
23	M11	6	17
24
25
26
27
28
PI	124
1
2
3
4
5	M11	22	17
6	M11	7	17
7
8
9
10
11
12
13	R24	12	19
14	R24	11	19
15
16	N14	13	13
17	R24	22	19
18	R24	19	19
19
20
21	M11	23	17
22
23	M11	24	13
24
25
26
27
28
1N25
1	M24	13	7
I	M27	9	
3	M23	22	7
4	M23	20	7
5	M25	28	7
6	M25	9	9
7	N25	X	2
8	N25	X	2
9	M24	28	7
10	M23	9	7
11	J27	26	19
12	M22	9	9
13	M24	26	7
14	M25	20	7
15	M20	6	9
16	J27	28	19
17	M25	18	7
18	L25	28	11
19	N25	X	2
20	M24	25
21	M21	14	9
22	M19	19	11
23	N25	X	2
24	L26	18	11
25	N25	X	2
26	N25	X	2
27	N25	X	2
28	N25	X	2
P.	127

1	H21	12	27
2
3	M17	7	15
4	N31	11	7
5	L22	23	13
6	N30	11	7
7
8	M22	7	11
9	O30	6	9
10	M17	12	15
11	O30	5	9
12	O30	26	9
13	H22	12	27
14	H23	12	27
15
16
17	L23	19	13
18	J18	21	21
19	O30	25	9
20	L26	1	13
21	M22	22	9
22	M24	6	9
23	M16	26	15
24	L22	9	13
25	M19	24	13
26	L25	16	13
27	M28	24	7
28	J18	6	21
PP	1N2
1	N30	19	7
2	M19	27	13
8	N31	19	7
4	L22	19	13
5	M22	13	11
6	N28	7	3
7	N28	6	3
8	N28	23	5
9	O27	9	7
10	O27	23	9
11	O28	6	7
12	O28	23	9
13	O29	6	7
14	O29	23	9
15	O21	17	13
16	N14	15	17
17	O27	7	7
18	O33	3	9
19	O28	7	7
20	O27	21	7
21	O29	7	7
22	O28	21	7
23	N28	8	5
24	O29	21	7
25
26	M24	8	9
27	M27	26	7
28	L22	16	13

1N29
1	R39	23	21
2	N39	23	13
3	3	24	39
4	P35	23	13
5	N29	X	2
6	O35	23	11
7	N35	23	9


9	O39	23	13
10	R35	23	19
11
12	M39	23	13
13	Q39	23	19
14	3	26	39
15	Q12	24	23
16	N29	X	2
17	J29	17	19
18	K25	17	17
19	29	3	23
20
21	25	12	23
22
23
24
25
26
27
28
TP	1N30
11
1	R27	4	19
2	R27	23	21
3	R35	10	19
4	Q35	10	15
5	P35	10	13
6	O35	10	9
7	N35	10	7
8	M35	10	11
9	R28	7	19
10	R28	21	19
11	N27	6	7
12
13	28	4	23
14
15
16
17
18
19	N28	1	7
20	R28	10	19
21	N39	10	11
22	M39	10	13
23	P39	10	15
24	O39	10	13
25	R39	10	19
26	Q39	10	17
27	R27	3	19
28	7	21	19
1N31
1	R27	6	19
2	R27	28	21
3	R35	21	19
4	Q35	21	17
5	P35	21	13
6	O35	21	9
7	N35	21	7
8	M35	21	9
9	R28	9	19
10	R28	25	19
11	N27	4	7
12
13	28	2	25
14
15
16
17
18
19	N2	3	7
20	R28	8	19
21	N39	21	11
22	M39	21	11
23	P39	21	15
24	O39	21	11
25	R39	21	21
26	Q39	21	17
27	R27	5	19
28	R27	27	19
1N32
1	M36	17	9
2	M40	17	11
3	O27	13	11
4	N36	17	7
5	N32	X	2
6	N40	17	11
7	O36	17	9
8	O40	17	11
9	P36	17	13
10	P40	17	15
11	Q36	17	17
12	Q40	17	17
13	R36	17	19
14	O27	14	11
15	R40	17	21
16	N32	X	2
17	M36	15	9
18	M40	15	11
19	N36	15	7
20	N40	15	11
21	O36	15	9
22	O40	15	11
23	P36	15	13
24	P40	15	15
25	Q36	15	15
26	Q40	15	17
27	R36	15	19
28	R40	15	19
T	133
1	M36	16	9
2	M40	16	11
3	O27	17	11
4	N36	16	7
5	N33	X	2
6	N40	16	9
7	O36	16	9
8	O40	16	11
9	P36	16	13
10	P40	16	15
11	Q36	16	15
12	Q40	16	17
13	R36	16	19
14	O27	20	13
15	R40	16	19
16	N33	X	2
17	M36	18	9
18	M40	18	11
19	N36	18	7
20	N40	18	9
21	O36	18	9
22	O40	18	11
23	P36	18	13
24	P40	18	15
25	Q36	18	15
26	Q40	18	17
27	R36	18	19
28	R40	18	19
1	M37	17	7
2	M41	17	9
3	O28	13	11
4	N37	17	7
5	N34	X	2
6	N41	17	11
7	O37	17	9
8	O41	17	11
9	P37	17	13
10	P41	J7	13
11	Q37	17	15
12	Q41	17	17
13	R37	17	19
14	O28	14	11
15	R41	17	19
16	N34	X	2
17	M37	15	7
18	M41	15	9
19	N37	15	7
20	N41	15	11
21	O37	15	9
22	O41	15	11
23	P37	15	13
24	P41	15	13
25	Q37	15	15
26	Q41	15	17
27	R37	15	19
28	R41	15	19
PK	1N35
1
2
3	W18	906
4
5	O32	19	9
6	O33	4	7
7
8	W17	905
9	W18	905
10	N30	7	7
11
12	O31	4	9
13	W18	904
J	W17	903
15	W17	904
J6
17	O32	4	9
18	W18	903
19	Q32	28	17
20
21	N31	7	7
22	W18	902
23	N29	7	9
24	N36	14	5
25	W17	902
26	N37	14	7
27	O31	19	9
28	N38	14	7
1N36
1	W17	906
O34	7	9
3
4	W17	91
5	W18	90
6	W17	90
7	M32	5	11
8	M32	6	11
9
10
11	W18	91
12
13
14	N35	24	5
15	N32	19	7
16	N33	4	7
17	N32	4	7
18	N33	19	7
19	Q32	19	17
20
21	M32	24	7
22	M32	23	7
23	W17	92
24	W18	93
25
26
27	W17	93
28	W18	92
1	W17	907
2	O34	23	9
3
4	W17	95
5	W18	94
6	W17	94
7	M33
8	M33	6	9
9
10
11	W18	95
12
13
14	N35	26	7
15	N34	19	7
16	P32	4	13
17	N34	4	7
18	P32	19	13
19	Q32	20	17
20
21	M33	24	9
22	M33	23	9
23	W17	96
24	W18	97
25
26
27	W17	97
28	W18	96
1N38
1	W18	907
2	O33	23	11
3
4	W17	99
5	W18	98
6	W17	98
7	M34	5	9
8	M34	6	9
9
10
11	W18	99
12
13
14	N35	28	7
15	P33	19	15
16	P34	4	13
17	P33	4	13
18	P34	19	13
19	Q32	25	17
20
21	M34	24	9
22	M34	23	9
23	W17	900
24	W18	901
25
26
27	W17	901
28	W18	900
PK	1N39
1
2
3	W20	906
4
5	O32	20	13
6	O33	6	11
7
8	W19	905
9	W20	905
10	N30	21	13
11
12	O31	6	13
13	W20	904
14	W19	903
15	W19	904
16
17	O32	6	13
18	W20	903
19	Q32	27	19
20
21	N31	21	13
22	W20	902
23	N29	2	13
24	N40	14	5
25	W19	902
26	N41	14	7
27	O31	20	13
28	N42	14	7
1N40
1	W19	906
2	O34	2	11
3
4	W19	91
5	W20	90
6	W19	90
7	M32	7	13
8	M32	8	13
9
10
11	W20	91
12
13
14	N39	24	5
15	N32	20	13
16	N33	6	9
17	N32	6	13
18	N33	20	9
19	Q32	22	19
20
21	M32	22	13
22	M32	21
23	W19	92
24	W20	93
25
26
27	W19	93
28	W20	92
PI	1N
1	W19	907
2	O34	28	9
3
4	W19	95
5	W20	94
6	W19	94
7	M33	7	13
8	M33	8	13
9
10
11	W20	95
12
13
14	N39	26	7
15	N34	20	11
16	P32	6	15
17	N34	6	11
18	P32	20	17
19	Q32	24	19
20
21	M33	22	13
22	M33	21	13
23	W19	96
24	W20	97
25
26
27	W19	7
28	W20	96
1N42
1	W20	907
2	O33	28	15
3
4	W19	99
5	W20	98
6	W19	98
7	M34	7	7
8	M34	8	13
9
10
11	W20	99
12
13
14	N39	28	7
15	P33	20	17
16	P34	6	15
17	P33	6	15
18	P34	20	17
19	Q32	26	19
20
21	M34	22	13
22	M34	21	13
23	W19	900
24	W20	901
25
26
27	W19	901
28	W20	900
PB	11
1	P1	10	7
2
3	P1	6	7
4
5	O7	23	9
6	K7	19	19
7	K7	12	19
8
9	P1	7	7
10	K8	12	21
11
12
13
14
15
16
17
18
19
20
21
22	O7	9	6
23
24
25
26
27	N6	17
28
PB
1O2
1	P2	10	7
2
3	P2	6	7
4
5	O7	24	9
6	K9	12	21
7	K8	19	21
8
9	P2	7	7
10	K9	19	21
11
12
13
14
15
16
J7
18
19
20
21
22	O7	10	9
23
24
25
26
27	N6	18	11
28
1	P3	10	7
2
3	P3	6	7
4
5	O7	25	7
6	K10	19	21
7	K10	12	21
8
9	P3	7	7
10	K11	12	21
11
12
13
14
15
16
17
18
19
20
21
22	O7	11	7
23
24
25
26
27	N6	19	9
28
PB	O4
1	P4	10	7
2
3	P4	6	7
4
5	O7	26	7
6	K12	12	21
7	K11	6	21

9	P4	7	7
10	K12	19	21
11
12
13
14
15
16
17
18
19
20
21
22	O7	12	7
23
24
25
26
27	N6	20	9
28

1	P5	10	7
2
3	P5	6	7
4
5	O7	27	7
6	K13	19	21
7	K13	12	21
8
9	P5	7	7
10	K14	12	21
11
12
13
14
15
16
17
18
19
20
21
22	O7	13	7
23
24
25
26
27	N6	21	9
28
JACK	PIN	LG
PB	1O6
1	P6	10	7
2
3	P6	6	7
4
5	O7	28	5
6	K15	J2	21
7	K14	19	21
8
9	P6	7	7
10	K15	J9	21
11
12
13
14
15
16
17
18
19
20
21
22	O7	15	5
23
24
25
26
27	N6	22	9
28
T	1	7
1	11	27	11
2	12	27	11
3	1J4	8	31
4	13	27	9
5	7
6	14	27	9
7	15	27	9
8	16	27	9
9	1	22	9
10	2	22	9
11	3	22	7
12	4	22	7
13	5	22	7
14	14	20	31
15	6	22	5
16	7
17	11	22	11
18	12	22	11
19	13	22	9
20	14	22	9
21	15	22	7
22	16	22	7
23	1	5	9
24	2	5	9
25	3	5	7
26	4	5	7
27	5	5	7
28	6	5	5
PB	1O8
1	N7	23	7
2
3	N7	24	7
4
5	P14	24	11
6	N12	8	9
7	112	9	9
8
9	N7	21	7
10	N12	10	9
11
12
13
14
15
16
17
18
19
20
21
22	N6	23	7
23
24
25
26
27	P7	12	7
28
PB	1O9
1	N8	23	7
2
3	N8	24	7
4
5	P14	25	11
6	N13	8
7	N13	9
8
9	N8	21	7
10	N13	10	9
11
12
13
14
15
16
17
18
19
20
21
22	N6	24	7
23
24
25
26
27	P7	13	7
28
PB	1O10
1	N9	23	7
2
3	N9	24	7
4
5	P14	26	9
6	N13	21	9
7	N13	19	9
8
9	N9	21	7
10	N13	20	9
11
12
13
14
15
16
17
18
19
20
21
22	N6	25	9
23
24
25
26
27	P7	15	7
28
1O11
1
2
3
4
5
6
7
8
9	N12	6	7
10
11
12
13	N7	1	9
14	N7	2	9
15
16
17
18	N7	14	11
19
20	N12	7	9
21
22
23
24	N12	5	9
25	J19	9	25
26	O11	X	2
27	O11	X	2
28	O11	X	2
JACK	PI	LG
T	1O12
1
2
3	M15	13	13
4
5
6	M15	17	13
7	M14	17	13
8	M15	14	13
9	R13	10	15
10
11	M14	14	13
12
13
14
15
16
17
18	R13	7	15
19
20
21
22	M14	18	13
23
24
25	M14	13	13
26	R12	24	17
27	M15	18	13
28
TI	1O13
1
2
3	M17	13	13
4
5
6	M17	17	13
7	M16	17	13
8	M17	14	13
9	R14	7	15
10
11	M16	14	13
12
13
14
15
16
17
18	R13	24	17
19
20
21
22	M16	18	13
23
24
25	M16	13	13
26	R13	20	17
27	M17	18	13
28
I	1O14
1
2
3	M19	13	13
4
5
6	M19	17	13
7	M18	17	13
8	M19	14	13
9	R14	24	17
10
11	M18	14	13
12
13
14
15
16
17
18	R14	20	17
19
20
21
22	M18	18	13
23
2
25	M18	13	13
26	R14	10	15
27	M19	18	13
28
1O15
1	P15	7
2	P15	5	7
3
4
5	O17	3	7
6
7	P21	25	11
8	O17	9	7
9	O15	X	2
10
11
12	O17	1	7
13
14	P15	12	7
15
16
17	P15	21	9
18
19
20	P21	26	9
21	O18	9	7
22	O15	X	2
23	O18	1	7
24	O18	3	7
25	P15	24	9
26	P15	23	9
27
28
1O16
1	P16	8	7
2	P16	5	7
3
4
5	O19	3	7
6
7	P21	27	11
8	O19	9	7
9	O16	X	2
10
11
12	O19	1	7
13
14	P16	12	7
15
16
17	P16	21	9
18
19
20	P21	28	9
21	O20	9	7
22	O16	X	2
23	O20	1	7
24	O20	3	7
25	P16	24	7
26	P16	23	7
27
28
PB	1O17
1	O15	12	7
2
3	O15	5	7
4
5	P14	27
6	N15	9	7
7	N15	14	7
8
9	O15	8	7
10	N15	18	7
11
12
13
1
15
16
17
18
19
20
21
22	P21	7	9
23
24
25
26
27	O21	1	7
28
PB	118
1	O15	23	7
2
3	O15	24	7
4
5	O21	18	7
6	N16	14	9
7	N15	21	7
8
9	O15	21	7
10	N16	9	7
11
12
13
14
15
16
17
18
19
20
21
22	P21	8	7
23
24
25
26
27	O21	2	7
28
1O19
1	O16	12	7

3	O16	5	7
4
5	O21	19	7
6	N16	21	7
7	N16	18	7
8
9	O16	8	7
10	N17	14	7
11
12
13
14
15
16
17
8
19
20
21
22	P21	9	7
23
24
25
26
27	O21	4	7
28
PB	1
1	O16	23	7
2
3	I	O16	24	7
4
5	O21	20	5
6	N17	18
7	N17	9	7
8
9	O16	21	7
10	N17	21	7
11
12
13
14
15
16
17
18
19
20
21
22	P21	10	7
23
24
25
26
27	O21	6	5
28
1O21
1	O17	27	7
2	O18	27	7
3	H3	7	35
4	O19	27	7
5	O21	X
6	O20	27	5
7	O22	27	5
8	O23	27	7
9	O24	27	7
10	O25	27	7
11	O27	10	7
12	O28	10	9
13	O29	10	11
14	H4	10	35
15	O30	10	13
16	O21	X
17	N28	15	11
18	O18	5	7
19	O19	5	7
20	O20	5	5
21	O22	5	5
22	O23	5	7
23	O24	5	7
24	O25	5	7
25	O27	8	7
26	O28	8	9
27	O29	8	11
28	O30	8	13
1	P24	12	7
2
3	P24	7
4
5	O21	21	5
6	P22	2	7
7	P22	1	7
8
9	P24	8	7
10	P22	14	7
11
12
13
14
15
16
17
18
19
20
21
22	P21	11	7
23
24
25
26
27	O21	7	5
28
1	P24	23	9
2
3	P24	24	9
4
5	O21	22	7
6	P22	25	9
7	P22	17	9
8
P24	21	9
10	P22	26	9
11
12
13
14
15
16
17
18
19
20
21
22	P21	12	7
23
24
25
26
27	O21	8	7
28
1O24
1	P25	12	7
2
3	P25	5	7
4
5	O21	23	9
6	P23	2	7
7	P23	1	7
8
9	P25	8	7
10	P23	14	9
11
12
13
14
15
16
17
18
19
20
21
22	P21	13
23
24
25
26
27	O21	9	9
28
PB	1O25
1	P25	23	9
2
3	P25	24	9
4
5	O21	24	9
6	P23	25	9
7	P23	17	7
8
9	P25	21	9
10	P23	26	9
11
12
13
14
15
16
17
18
19
20
21
22	P21	15	9
23
24
25
26
27	O21	10	9
28
P	17
1
2
3	N1	7	27
4	N1	27
5	M13	11	19
6	M13	12	19
7	N28	17	7
8	O21	25	7
9	N28	9	7
10	O21	11	9
11
12
13	N32	3	11
14	N32	14	11
15
16
17	N3	3	13
18
19
20	N33	14	13
21	N28	20	7
22
23	N28	10	9
24
25	M13	19	19
26	M13	20	19
27	N1	20	27
28	N1	24	27
G	1O28
1
2
3	N2	7	27
4	N2	8	27
5	M13	15	19
6	M13	8	19
7	N28	19	7
I	8	O21	26	11
9	N28	11	7
10	O21	12	11
11
12
13	N34	3	11
14	N34	14	11
15
16
17	P32	3	9
18
19
20	P32	14	9
21	N28	22	7
22
23	N28	12	9
24
25	M12	8	21
26	M12	11	21
27	N2	20	27
28	N2	24	27
1O29
1
2
3	N3	7	27
4	N3	8	27
5	M12	12	21
6	12	27	21
7	N28	21	7
8	O21	27	13
9	N28	13	7
10	O21	13	13
11
12
13	P33	3	6
14	P33	14	9
15
16
17	P34	3	9
18
19
20	P34	14	9
21	N28	24	7
22
23	N28	14	9
24
25	M12	20	21
26	M12	22	21
27	N3	20	27
28	N3	24	27
1O30
1
2
3
4
5	N27	11	9
6	N27	9	9
7	O30	X	2
8	O21	28	13
9	O30	X	2
10	O21	15	13
11
12
13	O31	3	5
14	O31	14	5
15
16
17	O32	3	7
18
19
20	J32	14	7
21	O30	X	2
22
23	N17	15	17
24
25	N27	19	9
26	N27	12	9
27
28

1	M35	12	13
2	M39	12	15
3	O30	13	5
4	N35	12	9
5	O31	X	2
6	N39	12	13
7	O35	12	7
8	O39	12	11
9	P35	12	9
10	P39	12	13
11	Q35	12	13
12	Q39	12	15
13	R35	12	15
14	O30	14	5
15	R39	12	17
16	O31	X	2
17	M35	27	13
18	M39	27	15
19	N35	27	9
20	N39	27	13
21	O35	27	7
22	O39	27	11
23	P35	27	9
24	P39	27	13
25	Q35	27	13
26	Q39	27	15
27	R35	27	15
28	R39	27	17
1O32
1	M35	17	13
2	M39	17	13
3	O30	17	7
4	N35	17	9
5	O32	X	2
6	N39	17	11
7	O35	17	7
8	O39	17	9
9	P35	17	9
10	P39	17	11
11	Q35	17	13
12	Q39	17	13
13	R35	17	15
14	O30	20	7
15	R39	17	17
16	O32	X	2
17	M35	5	13
8	M39	5	13
19	N35	5	9
20	N39	5	11
21	O35	5	7
22	O39	5	9
23	P35	5	9
24	P39	5	11
25	Q35	5	13
26	Q39	5	13
27	R35	5	15
28	R39	5	17
1O33
1	M35	6	13
2	M39	6	13
3	N28	18
4	N35	6	9
5	O33	X	2
6	N39	6	11
7	O35	6	7
8	O39	6	9
9	P35	6	7
10	P39	6	9
11	Q35	6	11
12	Q39	6	13
13	R35	6	15
14	16	22	37
15	R39	6	15
16	O7	20	47
17	Q42	2	13
18	M42	2	15
19	P42	2	13
20	R38	2	13
21	O42	2	11
22	Q38	2	13
23	N38	2	11
24	P38	2	9
25	M38	2	13
26	O38	2	7
27	R42	2	17
28	N42	2	13
T	1O34
1	R40	2	13
2	N40	2	13
3	Q21	27	19
4	P36	2	7
5	34	X	2
6	O36	2	7
7	N36	2	9
8	Q36	2	11
9	O40	2	9
10	R36	2	15
11	P40	2	9
12	M40	2	15
13	Q40	2	13
14	O1	9	47
15	M36	2	13
16	Q21	28	17
17	Q41	2	13
18	M41	2	15
19	P41	2	11
20	R37	2	15
21	O41	2	9
22	Q37	2	11
23	N37	2
24	P37	2	7
25	M37	2	13
26	O37	2	7
27	R41	2	15
28	N41	2	9
PK
1
2
3	W22	906
4
5	O32	21	7
6	O33	7	7
7
8	W21	905
9	W22	905
10	N30	6
11
12	O31	7	7
13	W22	904
14	W21	903
15	W21	904
16
17	O32	7	7
18	W22	903
1	Q33	4	11
20
21	N31	6	11
22	W22	902
23	N29	6	13
24	O36	14	5
25	W21	902
26	O37	14	7
27	O31	21	7
28	O38	14	7
1	W21	906
2	O34	6	7
3
4	W21	91
5	W22	90
6	W21	90
7	P29	1	13
8	P29	2	13
9
10
11	W22	91
12
13
14	O35	24	5
15	N32	21	9
16	N33	7	9
17	N32	7	11
18	N33	21	9
19	Q33	7	13
20
21	P29	28	13
22	P29	27	13
23	W21	92
24	W22	93
25
26
27	W21	93
28	W22	92
1	W21	909
2	O34	26	7
3
4	W21	95
5	W22	94
6	W21	94
7	P30	1	13
8	P30	2	13
9
10
11	W22	95
12
13
14	O35	26	7
15	N34	21	9
16	P32	7	9
17	N34	7	9
18	P32	21
19	Q33	9	13
20
21	P30	28	13
22	P30	27	13
23	W21	96
24	W22	97
25
26
27	W21	97
28	W22	96
1O38
MO
1	W22	907
2	O33	26	9
3
4	W21	99
5	W22	98
6	W21	98
7	P31	1	13
8	P31	2	13
9
10
11	W2	99
12
13
14	O35	28	7
15	P33	21
16	P34	7	9
17	P33	7	9
18	P34	21
19	Q33	11	13
20
21	P31	28	13
22	P31	27	13
23	W21	900
24	W22	901
25
26
27	W21	901
28	W22	900
1O39
1
2
3	W24	906
4
5	O32	22
6	O33	8	9
7
8	W23	905
9	W24	905
10	N30	24	13
11
12	O31	8	13
13	W24	904
14	W23	903
15	W23	904
16
17	O32	8	11
18	W24	903
19	Q33	3	13
20
21	N31	24	13
22	W24	902
23	N29	9	15
24	O40	14	5
25	W23	902
26		14	7
27	O31	22	13
28	O42	14	7
1O40
1	W23	906
2	O34	9	11
3
4	W23	91
5	W24	90
6	W23	90
7	P29	3	15
8	P29	4	15
9
10
11	W24	91
12
13
14	O39	24	5
15	N32	22	13
16	N33	8	13
17	N32	13
18	N33	22	13
19	Q33	8	15
20
21	P29	26	15
22	P29	25	15
23	W23	92
24	W24	93
25
26
27	W23	93
28	W24	92
1O41
1	W23	907
2	O34	21
3
4	W23	95
5	W24	94
6	W23	94
7	P30	3	15
8	P30	4	15
9
10
11	W24	95
12
13
14	O39	26	7
15	N34	22	13
16	P32	8	13
17	N34	8	13
18	P32	22	15
19	Q33	10	15
20
21	P30	26	15
22	P30	25	15
23	W23	96
24	W24	97
25
26
27	W23	97
28	W24	96
1O42
1	W24	907
2	O33	21	13
3
4	W23	99
5	W24	98
6	W23	98
7	P31	3	15
8	P31	4	15
9
10
11	W24	99
12
13
14	O39	28	7
15	P33	22	15
16	P34	8	15
17	P33	8	15
18	P34	22	15
19	Q33	12	15
20
21	P31	26	15
22	P31	25	15
23	W23	900
24	W24	901
25
26
27	W23	901
28	W24	900
1	Q1	10	7
2
3	Q1	6	7
4
5	P14	1	17
6	O1	3	7
7	O1	9	7
8
9	Q1	7	7
10	O1	1	7
11
12
13
14
15
16
17
8
19
20
21
22	O7	17	11
23
24
25
26
27	O7	1	11
28
PB	1P2
1	Q2	10	7
2
3	Q2	6	7
4
5	P14	2	15
6	O2	3	7
7	O2	9	7
8
9	Q2	7	7
10	O2	1	7
11
12
13
14
15
16
17
18
19
20
21
22	O7	18	11
23
24
25
26
27	O7	2	11
28
PB	13
1	Q3	10	7
2
3	Q	6	7
4
5	P14	4	15
6	O3	3	7
7	O3	9	7
8
9	Q3	7	7
10	O3	1	7
11
12
13
14
15
16
17
18
19
20
21
22	O7	19	9
23
24
25
26
27	O7	4	9
28
PB	1P4
1	Q4	10	7
2
3	Q4	6	7
4
5	P14	6	13
6	O4	3	7
7	O4	9
8
9	Q4	7	7
10	O4	1	7
11
12
13
14
15
16
17
18
19
20
21
22	O7	20	9
23
24
25
26
27	O7	6	9
28
1	Q5	10	7
2
I	3	Q5	6	7
4
5	P14	7	13
6	O5	3	7
7	O5	9	7
8
9	Q5	7	7
10	O5	1	7
11
12
13
14
15
16
17
8
C
20
21
22	O7	21	7
23
24
25
26
27	O7	7	9
28
PB	1P6
1	Q6	10	7
2
3	Q6	6	7
4
5	P14	8	11
6	O6	3	7
7	O6	9	7

9	Q6	7	7
10	O6	1	7
11
12
13
14
15
16
17
18
19
20
21
22	O7	22	7
23
24
25
26
27	O7	9
28
1	Q8	22	9
2	Q9	22	9
3	H3	2	33
4	Q10	22	9
5	P7	X
6	22	11
7	Q2	22	11
8	Q3	22	11
9	Q4	22	9
10	Q5	22	9
11	Q6	22	9
12	O8	27	7
13	9	27	7
14	H4	18	33
15	O10	27	7
16	P7	X
17	Q8	27	9
18	Q9	27	9
19	Q10	27	9
20	27	11
21	Q2	27	11
22	Q3	27	11
23	Q4	27	9
24	Q5	27	9
25	Q6	27	9
26
27
28
1P8
1	N7	8	13
2	N7	5	13
3
4
5	R13	11	13
6
7	P14	9	9
8	R12	22	13
9	P8	X	2
10
11
12	R13	12	13
13
14	L18	9	23
15
16
1
18
19	Q8	7	7
20	P14	17	9
21	P11	11	7
22	P8	X	2
23	P11	19	7
24	P11	12	7
25
26
27	Q8	6	7
28	Q8	10	7
1
1	N8	13
2	N8	5	13
3
4
5	R13	22	13
6
7	P14	10	9
8	R13	19	13
9	P9	X	2
10
11
12	R14	11	13
13
14	N8	12	13
15
16
17
18
19	Q9	7	7
20	P14	18	9
21	P11	22	7
22	P9	X	2
23	P12	12	7
24	P12	11	7
25
26
27	Q9	6	7
28	Q9	10	7
1P10
1	L18	6	21
2	N9	5	13
3
4
5	R14	19	13
6
7	P14	11	7
8	R14	12	13
9	P10	X	2
10
11
12	R14.	22	13
13
14	N9	12	13
15
16
17
18
19	Q10	7	7
20	P14	19	7
21	P12	19	7
22	P10	X	2
23	Q13	15	7
24	P12	24	7
25
26
27	Q10	6	7
28	Q10	10	7
PD
1P11
1
2
3	Q14	7	7
4	Q13	6	7
5	Q13	1	7
6	Q15	14	9
7	Q14	6	7
8	Q14	8	7
9	Q14	23	9
10
11	P8	21	7
12	P8	24	7
13	N10	2	13
14	N10	1	1
15
16	P14	12	7
17	N10	19	J1
18	N10	14	13
19	P8	23	7
20
21	Q14	10	7
22	P9	21	7
23	Q12	2	7
24
25
26	Q12	4	7
27	Q15	25	7
28	Q13	3	7
PI	1P12
1
2
I	3	Q12	6	7
4	Q14	12	7
5	Q15	27	7
6
7
8
9
10
11	P9	24	7
12	P9	23	7
13	N10	28	11
14	N10	27	11
15
16	P14	13	7
17	N11	2	11
18	N11	1	13
19	P10	21	7
20
21	Q15	17	7
22	Q14	15	7
23
24	P10	24	7
25	Q13	26	7
26	Q12	8	7
27	Q15	12	
28	Q13	25	7
1
2
3	25	22	31
4
5
6	12	8	33
7
8
9
10
11	26	7	33
12	12	16	33
13	R17	14	13
14	Q11	19	9
15
16	P14	15	5
17	N11	14	13
Q12	19	9
19	M28	22	21
20
21
22	Q14	17	9
23
24	Q1	28	9
25
26	Q12	10
27
28
1P14
1	P1	17
2	P2	5	15
3	H3	6	35
4	P3	5	15
5	P14	X	2
6	P4	5	15
7	P5	5	13
8	P6	5	13
9	P8	7	11
10	P9	7	9
11	P10	7	9
12	P11	16	7
13	P12	16	7
14	H4	9	35
15	P13	16	5
16	P14	X	2
17	P8	20	11
18	P9	20	9
19	P10	20	9
20	P15	7	5
21	P15	20	5
22	P16	7	7
23	P16	20	7
24		5	13
25	O9	5	11
26	O10	5	11
27	O17	5	9
28
I
1	P17	7	7
2	P17	6	7
3	J20	5	27
4
5	O15	2	9
6	J20	6	27
7	P14	20	5
8	O15	1	9
9	P15	X	2
10	J20	25	27
11
12	O15	14	9
13
14	P17	10	7
15
16
17	P18	7	7
18
19	J20	26	27
20	P14	21	5
21	O15	17	9
22	P15	X	2
23	O15	26	9
24	O15	25	9
25	P18	6	7
26	P18	10	7
27	J21	5	27
28	J21	6	27
1P16
1	P19	7	7
2	P19	6	7
3	J21	25	25
4
5	O16	2	9
6	J21	26	25
7	P14	22	7
8	O16	1	9
9	P16	X
10	J22	5	27
11
12	O16	14	9
13
14	P19	10	7
15
16
17	P20	7	7
18
19	J22	6	27
20	P14	23	7
21	O16	17	9
22	P16	X	2
23	O16	26	7
24	O16	25	7
25	P20	6	7
26	P20	10	7
27	J22	25	25
28	J22	26	25
11
1	Q18	23	9
2
3	Q18	8	7
4
5	P21	1	7
6	P15	2	7
7	P15	1	7
8
9	Q18	7	7
10	P15	14	7
11
12
13
14
15
16
17
18
19
20
21
22	Q21	7	9
23
24
25
26
27	P21	17	7
28
1	Q19	7
2
3	Q19	7	7
4
5	P21	2	7
6	P15	25	7
7	P15	1.	7
8
9	Q18	24	9
10	P15	26	7
11
12
13
14
15
16
17
18
19
20
21
22	Q21	8	7
23
24
25
26
27	P21	18	7
28
1P19
1	Q20	7	7
2
3	Q19	24	9
4
5	P21	4	7
6	P16	2	7
7	P16	1	7
8
9	Q19	23	9
10	P16	14	7
11
12
13
J4
15
16
17
18
19
20
21
22	Q21	9	7
23
24
25
26
27	P21	19	7
28
1P2
1	Q20	24	9
2
3	Q20	23	9
4
5	P21	6	5
6	P16	25	9
7	P16	17	9
8
9	Q20	8	7
10	P16	26	9
11
12
13
14
15
16
17
1
19
20
21
22	Q21	10	7
23
24
25
26
27	P21	20	5
28
T	1P21
1	P17	5	9
2	P18	5	7
3	H3	20	37
4	P19	5	7
5	P21	X	2
6	P20	5	5
7	O17	22	9
8	O18	22	9
9	O19	22	7
10	O20	22	7
11	O22	22	7
12	O23	22	7
13	O24	22	7
14	H4	21	37
15	O25	22	9
16	P21	X
17	P17	27	9
18	P18	27	7
19	P19	27	7
20	P20	27	5
21	P22	7	5
22	P22	20	5
23	P23	7
24	P23	20
25	O15	7
26	O15	20	11
27	O16	7	11
28	O16	20	11
1P22
1	O22	7	9
2	O22	6	9
3
4
5	L12	11	23
6
7	P21	21	5
8	L12	14	21
9	P22	X	2
10
J1
12	L12	20	21
13
14	O22	10	9
15
16
J7	O23	7	9
18
19
20	P21	22	5
21	L12	17	21
22	P22	X	2
23	L13	11	21
24	L13	14	21
25	O23	6	9
26	O23	10	9
27
28
I
1	O24	7	9
2	O24	6	9
3
4
5	L13	17	21
6
7	P21	23	7
8	L13	20	21
9	P23	X	2
10
11
12	L14	14	21
13
14	O24	11	9
15
16
17	O25	7	7
18
19
20	P21	24	7
21	L14	11	23
22	P23	X	2
23	L14	17	21
24	L14	20	21
25	O25	6	9
26	O25	10	9
27
28
1P24
1	P26	8	7
2	P26	5	7
3
4
5	O22	3	9
6
7	Q26	23	9
8	O22	9	9
9	P24	X	2
10
11
12	O22	1	9
13
14	P26	12	7
15
16
17	P26	21	7
18
19
20	Q26	24	9
21	O23	9	9
22	P24	X	2
23	O23	1	9
24	O23	3	9
25	P26	24	7
26	P26	23	7
27
28
1P25
1	P27	8	7
2	P27	5	7
3
4
5	O24	3	9
6
7	Q26	25	9
8	O24	9	9
9	P25	X	2
10
11
12	O24	1
13
14	P27	12	7
15
16
17	P27	21	7
18
19
20	Q26	26	9
21	O25	9	9
22	P25	X	2
23	O25	1	6
24	O25	3	9
25	P27	24	7
26	P27	23	7
27
28
1P26

1	Q22	7	9
2	Q22	6	9
	J20	3	27
4
5	P24	2	7
6	J20	4	27
7	Q21	23	11
8	P24	1	7
9	P26	X	2
10	J20	27	27
11
J2	P24	14	7
13
14	Q22	10	9
15
16
17	Q23	7	9
18
19	J20	28	27
20	Q21	24	11
21	P24	17	7
22	P26	X	2
23	P24	26	7
24	P24	25	7
25	Q23	6	9
26	Q23	10	9
27	J21	3	27
28	J21	4	27
1P27	I
1	Q24	7	9
2	Q24	6	9
3	J21	27	25
4
5	P25	2	7
6	J21	28	25
7	Q1	25	13
8	P25	1	7
9	P27	X	2
10	J22	3	27
11
12	P25	14	7
13
14	Q24	10	9
15
16
17	Q25	7	9
18
19	J22	4	27
20	Q21	26	13
21	P25	17	7
22	P27	X	2
23	P25	26	7
24	P25	25	7
25	Q25	6	9
26	Q25	10	9
27	J22	27	25
28	J22	28	25
T	1P29
1	O36	7	11
2	O36	8	11
3	O40	7	15
4	O40	8	15
5	P36	7	9
6	P36	8	9
7	P40	7	J3
8	P40	8	13
9
10	M29	3	17
11	Q31	6	7
12	Q30	6	7
13	M29	4	17
14
15	Q31	20	9
16	Q30	20	9
17	M29	26	15
18
19
20	M29	25	15
21	P40	22	13
22	P40	21	13
23	P36	22	9
24	P36	21	9
25	O40	22	15
26	O40	21	15
27	O36	22	11
28	O36	21	11
T	1P30
1	O37	7	11
2	O37	8	11
3	O41	7	15
4	O41	8	15
5	P37	7	9
6	P37	8	9
7	P41	7	13
8	P41	8	13
9
10	M30	3	15
11	Q31	7	7
12	0	7	7
13	M30	4	17
J4
15	Q31	21	9
16	Q30	21	9
17	M30	26	15
18
19
20	M30	25	15
21	P41	22	13
22	P41	21	13
23	P37	22	9
24	P37	21	9
25	O41	22	15
26	O41	21	15
27	O37	22	11
28	O37	21	11
T	1P31
1	O38	7	11
2	O38	8	11
3	O42	7	15
4	O42	8	15
5	P38	7	9
6	P38	8	9
7	P42	7	13
8	P42	8	13
9
10	M31	3	17
11	Q31	8	7
12	Q30	7
13	M31	4	17
14
15	Q31	22	6
16	Q30	22	6
17	M31	26	15
18
19
20	M31	25	15
21	P42	22	13
22	P42	21	13
23	P38	22	9
24	P38	21	9
25	O42	22	15
26	O42	21	15
27	O38	22	11
28	O38	21	11
T	1P32
1	M37	16	17
2	M41	16	17
3	O28	17	11
4	N37	16	13
5	P32	X	2
6	N41	16	13
7	O37	16	9
8	O41	16	13
9	P37	16	7
10	P41	16	11
11	Q37	16	9
12	Q41	16	13
13	R37	16	13
14	O28	20	11
15	R41	16	15
16	P32	X	2
17	M37	18	17
18	M41	18	17
19	N37	18	13
20	N41	18	13
21	O37	18	9
22	O41	18	13
23	P37	18	7
24	P41	18	11
25	Q37	18	9
26	Q41	18	13
27	R37	18	13
28	R41	18	15
T	1P33
1	M38	17	17
2	M42	17	17
3	O29	13	11
4	N38	17	13
5	P33	X	2
6	N42	17	15
7	O38	17	9
8	O42	17	13
9	P38	17	7
10	P42	17	11
11	Q38	17	9
12	Q42	17	13
13	R38	17	13
14	O29	14	11
15	R42	17	15
16	P33	X	2
17	M38	15	17
18	M42	15	17
19	N38	15	13
20	N42	15	15
21	O38	15	6
22	O42	15	13
23	P38	15	7
24	P42	15	11
25	Q38	15	9
26	Q42	15	13
27	R38	15	13
28	R42	15	15
1P34
1	M38	16	17
2	M42	16	17
3	O29	17	11
4	N38	16	13
5	P34	X	2
6	N42	16	15
7	O38	16	9
8	O42	16	11
9	P38	16	7
10	P42	16	11
11	Q38	16	9
12	Q42	16	13
13	R38	16	13
14	O29	20	J1
15	R42	16	15
16	P34	X	2
17	M38	18	17
18	M42	18	17
19	N38	18	13
20	N42	18	15
21	O38	18	9
22	O42	18	11
23	P38	18	7
24	P42	18	11
25	Q38	18	9
26	Q42	18	13
27	R38	18	13
28	R42	18	15
1P35
1
2
3	W26	906
4
5	O32	23	9
6	O33	9	9
7
8	W25	905
9	W26	905
10	N30	5	15
11
12	O31	9	11
13	W26	904
14	W25	903
15	W25	904
16
17	O32	9	9
18	W26	903
19	Q33	28	9
20
21	N31	5	15
22	W26	902
23	N29	4	15
24	P36	14	5
25	W25	902
26	P37	14	7
27	O31	23	9
28	P38	14	7
1P36
1	W25	906
2	O34	4	9
3
4	W25	91
5	W26	90
6	W25	90
7	P29	5	11
8	P29	6	11
9
10
J1	W26	91
12
13
14	P35	24	5
15	N32	23	13
16	N33	9	13
17	N32	9	13
18	N33	23	13
19	Q33	19	9
20
21	P29	24	11
22	P29	23	11
23	W25	92
24	W26	93
25
26
27	W25	93
28	W26	92
1P37
1	W25	907
2	O34	24	9
3
4	W25	95
5	W26	94
6	W25	94
7	P30	5	11
8	P30	6	11
9
10
11	W26	95
12
13
14	P35	26	7
15	N34	23	11
16	P32	9	9
17	N34	9	11
18	P32	23	9
19	Q33	20	11
20
21	P30	24	11
22	P30	23	11
23	W25	96
24	W26	97
25
26
27	W25	97
28	W26	96
1P38
1	W26	907
2	O33	24	11

4	W25	99
5	W26	98
6	W25	98
7	P31	5	11
8	P31	6	11
9
10
11	W26	99
12
13
14	P35	28	7
15	P33	23	9
16	P34	6	9
17	P33	9	9
18	P34	23	9
19	Q33	25	11
20
21	P31	24	11
22	P31	23	11
23	W25	900
24	W26	901
25
26
27	W25	901
28	W26	900
1P39
1
2
3	W27	906
4
5	O32	24	13
6	O33	10	13
7
8	W28	905
9	W27	905
10	N30	23	15
11	
12	O31	10	13
J3	W27	904
14	W28	903
15	W28	904
16
17	O32	10	13
18	W27	903
19	Q33	27	13
20
21	N31	23	15
22	W27	902
23	7

24	P40	14	5
25	W28	902
26	P41	14	7
27	O31	24	13
28	P42	14	7

JACK
PIN	LG

1P40
eC
1	W27	906
2	O34	11	11
3
4	W28	91
5	W27	90
6	W28	90
7	P29	7	15
8	P29	8	15
9
10
11	W27	91
12
13
14	P39	24	5
15	N32	24	15
16	N33	10	15
17	N32	10	15
18	N33	24	15
19	Q33	22	13
20
21	P29	22	15
22	P29	21	15
23	W28	92
24	W27	93
25
26
27	W28	93
28	W27	92
1P41

1	W27	907
2	O4	19	13
3
4	W28	95
5	W27	94
6	W28	94
7	P30	7	15
	P30	8	15
9
10
11	W27	95
12
J3
14	P39	26	7
15	N34	24	15
16	P32	10	13
17	N34	10	15
18	P32	24	13
19	Q33	24	13
20
21	P30	22	15
22	P30	21	15
23	W28	96
24	W27	97
25
26
27	W28	97
28	W27	96
1P42
IO
1	W27	907
2	Q33	19	15
3
4	W28	99
5	W27	98
6	W28	98
7	P31	7	15
8	P31	15
9
10
11	W27	99
12
13
14	P39	28	7
15	P33	24	13
16	P34	10	13
17	P33	10	13
18	P34	24	13
19	Q33	26	15
20
21	P31	22	15
22	P31	21	J5
23	W28	900
24	W27	901
25
26
27	W28	901
28	W27	900
PB	1Q
1	R1	23	9
2
3	R1	8	7
4
5	Q7	6	9
6	P1	3	9
7	P1	9	9
8
9	R1	7	7
10	P1	1	7
11
12
13
14
15
16
17
18
1
20
21
22	P7	6	11
23
24
25
26
27	P7	20	11
28
1	R2	8	7
2
3	R2	7	7
4
5	Q7	7	9
6	P2	3	9
7	P2	9	9
8
9	R1	24	9
10	P2	1	9
11
12
13
14
15
16
17
18
19
20
21
22	P7	7	11
23
24
25
26
27	P7	21	11
28
1Q3	I
1	R3	7	7
2
3	R2	24	6
4
5	Q7	8	7
6	P3	3	9
7	P3	9	9
8
9	R2	23	9
10	P3	1	9
11
12
13
14
15
16
17
18
19
20
21
22	P7	8	9
23
24
25
26
27	P7	22	9
28
PB	1Q4
1	R3	24	6
2
3	R3	23	9
4
5	Q7	9	7
6	P4	3	9
7	P4	9	9
8
9	R3	8	7
10	P4	1	9
11
12
13
14
15
16
17
18
19
20
21
22	P7	9	9
23
24
25
26
27	P7	23	9
28
PB	1Q5
1	R4	23	9
2
3	R4	7
4
5	Q7	10	7
6	P5	3	9
7	P5	9	9
8
9	R4	7	7
10	P5	1	7
11
12
13
14
15
16
17
18
19
20
21
22	P7	10	9
23
24
25
26
27	P7	24	9
28
PB	1O6
1	R5	8	7
2
3	R5	7	7
4
5	Q7	11	5
6	P6	3	9
7	P6	9	9
8
9	R4	24
10	P6	1	9
11
12
13
14
15
16
17
18
19
20
21
22	P7	11	9
23
24
25
26
27	P7	25	9
28
T	1Q7
1	Q8	5	5
2	Q9	5	7
3	H3	17	41
4	Q10	5	7
5	Q7	X	2
6	Q1	5	9
7	Q2	5	9
8	Q3	5	9
9	Q4	5	7
10	Q5	5	7
11	Q6	5	5
12
13
14	H4	4	41
15
16	Q7	X	2
17	R1	11	11
18	R1	22	11
19	R2	11	9
20	R2	22	11
21	R3	11	9
22	R3	22	11
23	R4	11	9
24	R4	22	9
25	R5	11	9
26	R5	22	9
27	R6	11	7
28	R6	22	9
1Q8
1	R6	8	7
2
3	R6	7	7
4
5	Q7	1	5
6	P8	27	7
7	P8	19	7
8
9	R5	24	9
10	P8	28	7
11
12
13
14
15
16
17
18
19
20
21
22	P7	1	9
23
24
25
26
27	P7	17	6
28
PB	1Q
1	R7	5	7
2
3	R6	24	9
4
5	Q7	2	7
6	P9	27	7
7	P9	19	7
8
9	R6	23	9
10	P9	28	7
11
12
13
14
15
16
17
18
19
20
21
22	P7	2	9
23
24
25
26
27	P7	18	9
28
PB	1Q10
1	R7	26	11
2
3	R7	25	11
4
5	Q7	4	7
6	P10	27	7
7	P10	19	7
8
9	R7	6	9
10	P10	28	7
11
12
13
14
15
16
17
18
19
20
21
22	P7	4	9
23
24
25
26
27	P7	19	6
28
Q11
1	Q11	14	5
2	Q15	11	7
3	Q11	20	5
4	Q15	16	7
5	Q12	14	5
6	Q15	9	7
7	R17	13	11
8	Q15	18	7
9	R8	6	9
10	Q15	13	7
11	R8	5	9
12	J20	9	31
13	Q14	28	7
14	Q11	1	5
15	J21	9	31
16	Q12	3	5
17	J22	9	31
18
19	P13	14	9
20	Q11	3	5
21	R9	5	7
22	Q12	5
23	R9	23	9
24	R8	23	9
25	R9	21	9
26	R8	21	9
27	R10	6	7
28	R9	6	7
B	1Q12
1	Q12	16	5
P11	23	7
3	Q11	16	5
4	P11	26	7
5	Q11	22	5
6	P12	3	9
7	R17	12	9
8	P12	26	7
9	R8	3	9
10	P13	2	7
11	R8	9	9
12	Q14	1	7
13	Q14	25	7
14	Q11	5	5
15	Q14	2	7
16	Q12	1	5
17	Q15	2	7
1
19	P13	18	7
20	M35	23	29
21	R10	5	7
22
23	R10	23	9
24	N29	15	23
25	R10	21	9
26	Q29	16	19
27	R11	6	7
28	Q12	X	2
1Q13
1	P11	5	9
2
3	P11	28	7
4
5	Q14	5	5
6	P11	4	9
7
8	Q15	6	7
9
10
11	Q15	7	7
12	Q15	5	7
13	Q15	8	7
14	Q14	27	5
15	P10	23	7
16	Q14	21	5
17	Q15	3	7
18	Q15	23	7
19	Q14	4	5
20	Q15	19	7
21	Q15	21	7
22	Q15	15	7
23	Q14	3	5
24	Q15	4	7
25	P12	28	7
26	P12	25	7
27
28	P13	24	7
1Q14
1	Q12	12	7
2	Q12	15	7
3	Q13	23	5
4	Q13	19	5
5	Q13	5	5
6	P11	7	9
7	P11	3	9
8	P11	8	9
9	Q14	26	5
10	P11	21	9
11	Q15	10	5
12	P12	4	9
13	Q14	24	5
14	Q14	X	
15	P12	22	9
16	Q15	1	5
17	P13	22	7
18	Q14	22	5
19	Q14	X	2
20	16	1	35
21	Q13	16	5
22	Q14	18	5
23	P11	9	9
24	Q14	13	5
25	Q12	13	7
26	Q14	9	5
27	Q13	14	5
28	Q11	13	7
1Q15
1	Q14	16	5
2	Q12	17	7
3	Q13	17	7
4	Q13	24	7
5	Q13	12	7
6	Q13	8	7
7	Q13	11	7
8	Q13	13	7
9	Q11	6	7
10	Q14	11	5
11	Q11	2	7
12	P12	27	7
13	Q11	10	7
14	P11	6	9
15	Q13	22	7
16	Q11	4	7
17	P12	21	7
8	Q11	8	7
19	Q13	20	7
20
21	Q13	21	7
22
23	Q13	18	7
24
25	P11	27	7
26
27	P12	5	9
28
1Q16
1	N18	14	15
2	N18	13	15
3
4
5	Q18	9	7
6
7	R16	10	7
8	Q18	14	7
9	Q16	X	2
10
11
12	Q18	18	7
13
14	N18	18	15
15
16
17	N18	17	15
18
19
20	R16	11	7
21	Q18	21	7
22	Q16	X	2
23	Q19	9	7
24	Q19	14	7
25	N19	14	15
26	N19	13	15
27
28
1Q17
1	N19	18	15
2	N19	17	15
3
4
5	Q19	21	7
6
7	R16	12	7
8	Q19	18	7
9	Q17	X	2
10
11
12	Q20	1	14	7
13
14	N20	14	15
15
16
17	N20	13	15
18
19
20	R16	13	7
21	Q20	9	7
22	Q17	X	2
23	Q20	21	7
24	Q20	18	7
25	N20	18	15
26	N20	17	15
27
28
PC	1Q18
1
2	Q18	5	3
3
4	Q18	6	3
5	Q18	2	3
	Q18	4	3
7	P17	9	9
8	P17	3	9
9	Q16	5	7
10
11	Q21	17	7
12
13	R15	12	9
14	Q16	8	7
15	Q18	25	5
16
17	Q18	26	5
18	Q16	12	7
19
20	Q18	X	2
21	Q16	21	7
22	Q21	18	7
23	P17	1	9
24	P18	9	9
25	Q18	15	5
26	Q18	17	5
27
28
P	1Q1
1
2	Q19	5	3
3
4	Q19	6	3
5	Q19	2	3
6	Q19	4	3
7	P18	3	9
8	P18	1	9
9	Q16	23	7
10
11	Q21	19	7
12
13	R15	13	9
14	Q16	24	7
15	Q19	25	5
16
17	Q19	26	5
18	Q17	8	7
19
20	Q19	X	2
21	Q17	5	7
22	Q21	20	7
23	P19	9	9
24	P19	3	9
25	Q19	15	5
26	Q19	17	5
27
28
PC	1	1Q2
1
2	Q20	5	3
3
4	Q20	6	3
5	Q20	2	3
6	Q20	4	3
7	P19	1	6
8	P20	9	9
9	Q17	21	7
10
11	Q21	21	5
12
13	R15	15	11
14	Q17	12	7
15	Q20	25	5
16
17	Q20	26	5
18	Q17	24	7
19
20	Q20	X	2
21	Q17	23	7
22	Q21	22	5
23	P20	3	9
24	P20	1	9
25	Q20	15	5
26	Q20	17	5
27
28
1Q21
1	Q22	22	5
2	Q23	22	7
3	H3	4	47
4	Q24	22	7
5	Q21	X	2
6	Q25	22	7
7	P17	22	9
8	P18	22	9
9	P19	22	9
10	P20	22	7
11
12
13
14	H4	7	47
15
16	Q21	X	2
17	Q18	11	7
18	Q18	22	7
19	Q19	11	7
20	Q19	22	7
21	Q20	11	5
22	Q20	22	5
23	P26	7	7
24	P26	20	9
25	P27	7	11
26	P27	20	11
27	O34	3	19
28	O34	16	17
PB	1Q22
1	R19	23	11
2
3	R19	8	9
4
5	Q26	9	7
6	P26	2	9
7	P26	1	9
8
9	R19	7	9
10	P26	14	9
11
12
13
14
15
16
17
18
19
20
21
22	Q21	1	5
23
24
25
26
27	Q26	19	7
28
1	R20	8	9
2
3	R20	7	9
4
5	Q26	10	7
6	P26	25	7
7	P26	17	9
8
9	R19	24	11
10	P26	26	7
11
12
13
14
15
16
17
18
19
20
21
22	Q21	2	7
23
24
25
26
27	Q26	20	7
28
1Q24
1	R21	7	9
2
3	R20	24	11
4
5	Q26	11	7
6	P27	2	9
7	P27	1	9
8
9	R20	23	11
10	P27	14	9
11
12
13
14
15
16
17
18
19
20
21
22	Q21	4	7
23
24
25
26
27	Q26	21	7
28
1Q2
1	R21	24	11
2
3	R21	23	11
4
5	Q26	12	5
6	P27	25	7
7	P27	17	9
8
9	R21	8	9
10	P27	26	7
11
12
13
14
15
16
17
18
19
20
21
22	Q21	6	7
23
24
25
26
27	Q26	22	5
28
1Q26
1	R22	16	11
2	R23	16	9
H3	19	47
4	R24	16	9
5	Q26	X
6	Q32	16	9
7	Q33	16	9
8	Q34	16	11
9	Q22	5	9
10	Q23	5	7
11	Q24	5	7
12	Q25	5	5
13
14	H4	19	47
15
16	Q6	X	2
17	R27	16	7
18	R28	16	9
19	Q22	27	9
20	Q23	27	7
21	Q24	27	7
22	Q25	27	5
23	P24	7	9
24	P24	20	9
25	P25	7	9
26	P25	20	7
27
28
1Q28
1	R28	4	7
2	R29	2	7
3	R27	12	7
4
5	R29	1	7
6	R27	11	7
7.	M31	12	19
8	M30	12	19
9	R30	1	7
10	R31	2	7
11	R31	1	7
12	R30	2	7
13
14	M29	12	19
15	M31	16	19
16	R29	26	9
17	R31	25	11
18	R30	26	9
19	R30	25	9
20	R31	26	11
21	M30	16	19
22	M29	16	19
23	R29	25	9
24
25	R27	22	9
26	R27	19	9
27
28	R28	3	7
1Q29
1	R8	28	9
2	R30	3	7
3	R28	12	9
4	R30	28	9
5	R29	3	7
6	R28	11	7
7.	M31	11	19
8	M30	11	19
9	R29	4	7
10	R30	27	9
11	R29	27	9
12	R30	4	7
13	R29	28	9
14	M29	11	19
15	M31	15	19
16	Q12	26	19
17	R31	27	9
18	R18	16	15
19	R31	4	9
20
21	M30	15	19
22	M29	15	19
23	R31	3	7
24
25	29	7	33
26	R28	19	9
27	R31	28	9
28	R28	27	9
T	1Q30
1	M32	12	19
2	M33	12	19
3	R27	7	9
4	M34	12	19
5	Q30	X	2
6	P29	12	9
7	P30	12	7
8	P31	12	7
9	R32	12	9
10	R33	12	9
11	R34	12	9
12
13
14	R27	10	9
J5
16	Q30	X	2
17	M32	16	19
18	M33	16	19
19	M34	16	19
20	P29	16	7
21	P30	16	7
22	P31	16	7
23	R32	16	9
24	R33	16	9
25	R34	16	9
26
27
28
1Q31
1	M32	11	19
2	M33	11	19
3	R27	20	11
4	M34	11	19
5	Q31	X	2
6	P29	11	9
7	P30	11	9
8	P31	11	9
9	R32	11	7
10	R33	11	7
11	R34	11	7
12
13
14	R27	24	11
15
16	Q31	X	2
17	M32	15	19
18	M33	15	19
19	M34	15	19
20	P29	15	9
21	P30	15	9
22	P31	15	7
23	R32	15	9
24	R33	15	9
25	R34	15	9
26
27
28
PI	1Q32
1
2
3	M39	19	19
4	M35	19	19
5
6
7	M36	19	19
8	M40	19	21
9	M37	19	19
10	M41	19	21
11	M38	19	19
12	M42	19	21
13	R29	5	9
J4	R29	6	6
15
16	Q26	6	11
17	R29	15	9
1	R29	16	9
19	N36	19	15
20	N37	19	15
21
22	N40	19	17
23
24	N41	19	17
25	N38	19	17
26	N42	19	17
27	N39	19	17
28	N35	19	15
PI	1Q33
1
2
3	O39	6	13
4	O35	19	13
5
6
7	O36	19	13
8	O40	19	13
9	O37	19	13
10	O41	19	15
11	O38	19	13
12	O42	19	15
13	R30	5	9
14	R30	6	9
15
16	Q26	7	11
17	R30	15	9
18	R30	16	9
19	P36	19	9
20	P37	19	9
21
22	P40	19	11
23
24	P41	19	13
25	P38	19	9
26	P42	19	13
27	P39	19	11
28	P35	19	7
PI	1Q34
1
2
3	Q39	19	7
4	Q35	19	5
5
6
7	Q36	19	7
8	Q40	19	9
9	Q37	19	7
10	Q41	19	11
11	Q38	19	7
12	Q42	19	11
13	R31	5	6
14	R31	6	9
15
16	Q26	8	13
17	R31	15	9
18	R31	16	9
19	R36	19	11
20	R37	19	9
21
22	R40	19	11
23
2	R41	19	11
25	R38	19	9
26	R42	19	13
27	R39	19	9
28	R35	19	9
1Q3
1
2
3	W30	906
4
5	O32	25	13
6	O33	11	13
7
	29	905
9	W30	905
10	N30	4	17
11
12	O31	11	13
13	W30	904
14	W29	903
15	W29	904
16
17	O32	11	13
18	W30	903
19	Q34	4	5
20
21	N31	4	17
22	W30	902
23

24	Q36	14	5
25	W29	902
26	Q37	14	7
27	O31	25	13
28	Q38	14	7
1Q36
1	W29	906
2	O34	8	13
3
4	W29	91
5	W30	90
6	W29	90
7	R32	1	9
8	R32	2	9
9
10
11	W30	91
12
13
14	Q35	24	5
15	N32	25	15
16	N33	11	15
17	N32	11	15
18	N33	25	15
19	Q34	7	7
20
21	R32	28	9
22	R32	27	9
23	W29	92
24	W30	93
25
26
27	W29	93
28	W30	92
1Q37
1	W29	907
2	O34	22	13
3
4	W9	95
5	W30	94
6	W29	94
7	R33	1	9
8	R33	2	9
9
10
11	W30	95
12
13
14	Q35	26	7
15	N34	25	15
16	P32	11	11
17	N34	11	15
18	P32	25	11
19	Q34	9	7
20
21	R33	28	9
22	R33	27	9
23	W29	96
24	W30	97
25
26
27	W29	97
28	W30	96
1Q3
1	W30	907
2	O33	22	13
3
4	W29	99
5	W30	98
6	W29	98
7	R34	1	9
8	R34	9
9
10
11	W30	99
12
13
14	Q35	28	7
15	P33	25	11
16	P34	11	11
17	P33	11	11
18	P34	25	J1
19	Q34	11	9
20
21	R34	28	11
22	R34	27	11
23	W29	900
24	W30	901
25
26
27	W29	901
28	W30	900
10
1
2
3	W32	906
4
5	O2	26	15
6	O33	12	15
7
8	W31	905
9	W32	905
10	N30	26	17
11
12	O31	12	15
13	W32	904
14	W31	903
15	W31	904
16
17	O32	12	15
18	32	913
19	Q34	3	9
20
21	N31	26	17
22	W32	902
23	N29	13	19
24	Q40	14	5
25	W31	902
26	Q41	14	7
27	O31	26	15
28	Q42	14	7
1Q4
1	W31	906
2	O34	13	15
3
4	W31	91
5	W32	90
6	W31	90
7	R32	3	13
8	R32	4	13
9
10
11	W32	91
12
1
14	Q39	24	5
15	N32	26	17
16	N33	12	17.
17	N32	12	17
18	N33	26	17
19	Q34	8	11
20
21	R32	26	13
22	R32	25	13
23	W31	92
24	W32	93
25
26
27	W31	93
28	W32	92
1Q41
1	W31	907
2	O34	17	15
3
4	W31	95
5	W32	94
6	W31	94
7	R33	3	13
8	R33	4	13
9
10
11	W32	95
12
13
1	Q39	26	7
15	N34	26	17
16	P32	12	15
17	N34	12	17
18	P32	26	15
19	Q34	10	11
20
21	R33	26	13
22	R33	25	13
23	W31	96
24	W32	97
25
26
27	W31	97
28	W32	96
2
1	W32	907
2	O33	17	17
3
4	W31	99
5	W32	98
6	W31	98
7	R34	3	13
8	R34	4	13
9
10
11	W32	99
12
13
14	Q39	28	9
15	P33	26	15
16	P34	12	13
17	P33	12	15
18	P34	26	13
J9	Q34	12	13
20
21	R34	26	13
22	R34	25	13
23	W31	900
24	W32	901
25
26
27	W31	901
28	W32	900
11
1
2	R1	5	3
3
4	R1	6.	3
5	R1	2	3
6	R1	4	3
7	Q1	9	7
8	Q1	3	7
9	R8	13	11
10
11	Q7	17	11
12
13	R15	1	17
J4	R8	14	11
15	R1	25	5
16
17	R1	26	5
18	R8	18	11
19
20	R1	X	2
21	R8	17	11
22	Q7	1	11
23	Q1	1	9
24	Q2	9	9
25	R1	15	5
26	R1	17	5
27
28
1
2	R2	5	3
3
4	R2	6	3
5	R2	2	3
6	R2	4	3
7	Q2	3	9
8	Q2	1	9
9	R9	13	11
10
11	Q7	19	9
12
13	R15	2	17
14	R9	14	11
15	R2	25	5
16
17	R2	26	5
18	R9	18	11
19
20	R2	X	2
21	R9	17	J1
22	Q7	20	9
23	Q3	9	9
24	Q3	3	9
25	R2	15	5
26	R2	17	5
27
28
1
2	R3	5	3

4	R3	6	3
5	R3	2	3
6	R3	4	3
7	Q3	1	9
8	Q4	9	9
9	R10	13	11
10
11	Q7	21	9
12
13	R15	4	15
1	R10	14	11
15	R3	25	5
16
17	R3	26	5
18	R10	18	11
19
20	R3	X	2
21	R10	17	11
22	Q7	22	9
23	Q4	3	9
24	Q4	1	9
25	R3	15	5
26	R3	17	5
27
28
1
2
3
4	R4	6	3
5	R4	X	2
6	R4	4	3
7	Q5	9	7
8	Q5	3	7
9	R11	13	11
10
11	Q7	23	9
12
13	R15	6	15
14	R11	14	11
15	R4	25	5
16
17	R4	26	5
18	R11	18	11
19
20	R4	X	2
21	R11	17	11
22	Q7	24	9
23	Q5	1	9
24	Q6	9	6
25	R4	15	5
26	R4	17	5
27
28
PC	1R5
1
2	R5	5	3
3
4	R5	6	3
5	R5	2	3
6	R5	4	3
7	Q6	3	9
I	8	Q6	1	9
9	R12	13	11
10
11	Q7	25	7
12
13	R15	7	13
14	R12	14	11
15
16
17
18
19
20	R5	X	2
21	R12	17	11
22	Q7	26	7
23
24	Q8	9	9
25
26	R18	9	15
27
28
PC
1
2	R18	5	15
3
4
5	R18	8	15
6	R18	10	15
7	Q8	3	9
8	Q8	1	9
9	R13	13	11
10
11	Q7	27	7
12
13	R15	8	13
14	R13	14	11
15
16
17	R18	22	15
18	R13	18	11
19
20	R6	X	2
21	R13	17	11
22	Q7	28	7
23	Q9	9	9
24	Q9	3	9
25	R18	19	15
26	R18	21	L5
27
28
1
2	R18	24	15
3
4	R7	7	3
5	Q9	1	9
6	Q10	9	9
7	R7	4	3
8	R7	X	2
9	R14	13	11
10
11	R16	17	13
12
13	O3	27	47
14	R14	14	11
15	R18	23	15
16
17	R18	4	15
18	R14	18	11
19
20	R7	X	2
21	R14	17	11
22	R16	18	13
23	R18	20	15
24	R7	X	2
25	Q10	3	9
26	Q10	1	9
27
28
1R8
1
2
3	Q12	6	9
4
5	Q11	11	9
6	Q11	9	9
7
8
9	Q12	11	9
10
11	N1	14	21
12	N1	13	21
13	R1	9	11
14	R1	14	11
15
16	R16	1	11
17	R1	21	11
18	R1	18	11
1	N1	18	21
20
21	Q11	26	9
22	N1	17	21
23	Q11	24	9
24
25
26
27
28
1R9
1
2
3
4
5	Q11	21	7
6	11	28	7
7
8
9
10
11	N2	14	21
12	N2	13	21
13	R2	9	11
14	R2	14	11
J5
16	R16	2	11
J7	R2	21	11
18	R2	18	11
19	N2	18	21
20
21	Q11	25	7
22	N2	17	21
23	Q11	23	23
24
25
26
27
28
1R10
1
2
3
4
5	Q12	21	7
6	Q11	27	7
7
8
9
10
11	N3	14	21
12	N3	13	21
13	R3	9	11
14	R3	14	11
15
16	R16	4	9
17	R3	21	11
18	R3	18	11
19	N3	18	21
20
21	Q12	25	7
22	N3	17	21
23	Q12	23	7
24
25
26
27
28
PI	1R11
1
2
3
4
5	R17	2	6
6	Q12	27	7
7
8
9
10
11	N4	14	21
12	N4	13	21
13	R4	9	11
14	R4	14	11
15
16	R16	6	9
17	R4	21	11
18	R4	18	11
19	N4	18	21
20
21	R17	6	9
22	N4	17	21
23	R17	4	6
24
25
26
27
28
1R12
1
2
3
4
5	R17	10	9
6	R17	8	9
7
8
9
10
11	N5	14	21
12	N5	13	21
13	R5	9	11
14	R5	14	11
15
16	R16	7	9
17	R5	21	11
18
1
20
21
22	P8	13
23
24	O12	26	15
25
26
27
28
P	1R13
1
2
3
4
5
6
7	O12	18	15
8
9
10	O12	9	17
11	P8	5	15
12	P8	12	13
13	R6	9	11
14	R6	14	11
15
16	R16	8	7
17	R6	21	11
18	R6	18	11
19	P9	8	15
20	O13	26	15
21
22	P9	5	15
23
24	O13	18	15
25
26
27
28
1R14
1
2
3
4
5
6
7	O13	9	17
8
9
10	O14	26	15
11	P9	12	13
12	P10	8	13
13	R7	9	11
14	R7	14	11
15
16	R16	9	7
17	R7	21	11
18	R7	18	11
19	P10	5	13
20	O14	18	15
21
22	P10	12	13
23
24	O14	9	15
25
26
27
28
1	R1	13	17
2	R2	13	17
3	O3	21	47
4	R3	13	15
5	R15	X	2
6	R4	13	15
7	R5	13	13
8	R6	13	13
9	R19	13	7
10	R20	13	9
11	R21	13	9
12	Q18	13	9
13	Q19	13	6
14	

15	Q20	13	11
16	R15	X	2
17
18
19
20
21
22
23
24
25
26
27
28
1
1	R8	16	13
2	R9	16	11
3	H3	18	41
4	R10	16	9
5	R16	X	2
6	R11	16	9
7	R12	16	7
8	R13	16	7
9	R14	16	7
10	Q16	7	9
11	Q16	20	7
12	Q17	7	9
13	Q17	20	7
14	H4	6	41
15
16	R16	X
17	R7	11	13
18	R7	22	13
19	R19	11	7
20	R19	22	7
21	R20	11	7
22	R20	22	7
23	R21	11	7
24	R21	22	7
25
26
27
28
1R17
1	R23	23	9
2	R11	5	11
3	R23	21	9
4	R11	23	11
5	R24	4	11
6	R11	21	11
7	R24	3	11
8	R12	6	9
9	R24	28.	11
10	R12	5	9
11	R24	27	11
12	Q12	7	11
13	Q11	7	11
14	P13	13	13
15
16
17
18
19	R17	21	3
20	R17	23	3
21	R17	19	3
22
23	R17	21	3
24	R23	4	9
25	R25	6	11
26	R23	3	9
27	R26	6	13
28	R17	X	2
T	1R18
1	R18	X	2
I	R19	15	5
3	R18	X
4	R7	17	15
5	R6	2	15
6	R18	X	2
7	R18	X	2
8	R6	5	15
9	R5	26	17
10	R6	6	15
11
12	R19	17	5
13	R19	2	5
14	29	9	41
15	L29	12	41
16	Q29	18	15
17	R18	X	2
J8	R18	X	2
19	R6	25	15
20	R7	23	15
21	R6	26	15
22	R6	17	15
23	R7	15	15
24	R7	2	15
25	R18	X	2
26	R19	4	5
27	R18	X	2
28	R18	X	2
1R19
1
2	R18	13	5
3
4	R18	26	5
5	O3	19	47
6	14	13	39
7	Q22	9	9
8	Q22	3	9
9	R22	13	7
10
11	R16	19	7
12
13	R15	9	7
14	R22	14	7
15	R18	2	5
16
17	R18	12	5
18	R22	18	7
19
20	R19	X	2
21	R22	17	7
22	R16	20	7
23	Q22	1	9
24	Q23	9	9
25	14	9	39
26	14	20	39
27
28
1R20
1
2	R20	5	3
3
4	R20	6	3
5	R20	2	3
C	R20	4	3
7	Q23	3	9
8	Q23	1	9
9	R23	13	7
10
11	R16	21	7
12
13	R15	10	9
14	R23	14	7
15	R20	25	5
16
17	R20	26	5
18	R23	J8	7
19
20	R20	X	2
21	R23	17	7
22	R16	22	7
23	Q24	9	9
24	Q24	3	9
25	R20	15	5
26	R20	17	5
27
28
1R21
1
2	R21	5	3
3
4	R21	6	3
5	R21	2	3
6	R21	4	3
7	Q24	1	9
8	Q25	9	9
9	R24	13	7
10
11	R16	23	7
12
13	R15	11	9
14	R24	14	7
15	R21	25	5
16
17	R21	26	5
18	R24	18	7
19
20	R21	X	2
21	R24	17	7
22	R16	24	9
23	Q25	3	9
24	Q25	1	7
25	R21	15	5
26	R21	17	5
27
28
1R22
1
2
3	R25	3	7
4	R25	1	7
5	R25	4.	7
6	R25	25	7
7	R25	2	7
8	R25	28	7
9	R25	26	7
10	R25	27	7
11	N22	14	23
12	N22	13	23
13	R19	9	7
14	R19	14	7
15
16	Q26	1	9
17	R19	21	7
18	R19	18	7
19	N22	18	23
20	R26	2	7
21	R26	3	7
22	N22	17	23
23	R26	1	7
24	R26	27	7
25	R26	26	7
26	R26	28	7
27	R26	4	7
28	R26	25	7
1
I	2
3	R17	26	11
4	R17	24	11
5
6
7
8
9
10
11	N23	14	19
12	N23	13	19
13	R20	9	7
14	R20	14	7
15
16	Q26	2	9
17	R20	21	7
18	R20	18	7
19	N23	18	19
20
21	R17	3	11
22	N23	17	19
23	R17	1	11
24
25
26
27
28
1R24
1
2
3	R17	7	11
4	R17	5	11
5
6
7
8
9
10
11	N24	14	19
12	N24	13	19
13	R21	9	7
14	R21	14	7
15
16	Q26	4	9
17	R21	21	7
18	R21	18	7
19	N24	18	19
20
21
22	N24	17	19
23
24
25
26
27	R17	11	11
28	R17	9	11
1R25
1	R22	4	7
2	R22	7	7
3	R22	7
4	R22	5	7
5	R27	13	7
6	R17	25	7
7
8	R27	14	7

10
11
12
13
14
15	R27	17	7
16	R27	18	7
17
18
19
20
21
22
23
24
25	R22	6	7
26	R22	9	7
27	R22	10	7
28	R22	8	7
1R26
1	R22	23	9
2	R22	20	9
3	R22	21	9
4	R22	27	9
5
6	R17	27	13
7	R28	13	7
8	R28	14	7
9
10
11
12
13
14
15	R28	17	7
16	R28	18	7
17
18
19
20
21
22
23
24
25	R22	28	9
26	R22	25	9
27	R22	24	9
28	R22	26
1R27
1
2
3	N30	27	19
4	N30	1	21
5	N31	27	19
6	N31	1	21
7	Q30	3	9
8
9
10	Q30	14	9
11	Q28	6	9
12	Q28	3	9
13	R25	5	7
14	R25	8	7
15
J6	Q26	17	9
17	R25	15	7
18	R25	16	7
19	Q28	26	7
20	Q31	3	9
21	N30	28	19
22	Q28	25	7
23	N30	2	21
24	Q31	14	9
25
26
27	N31	28	19
28	N31	2	21
1
2
3	Q28	28	7
4	Q28	1	9
5
6
7	N30	9	19
8	N31	20	19
9	N31	9	19
10	N30	20	19
11	Q29	6	9
12	Q29	3	9
13	R26	7	7
14	R26	8	7
15
16	Q26	18	
17	R26	15	7
18	R26	16	7
19	Q29	26	7
20	N30	10	19
21
22
23
24	J15	25	39
25	N31	10	19
26
27	Q29	28	7
28	Q29	1	9
I	1R29
1	Q28	11
2	Q28	2	11
3	Q29	5	9
4	Q29	9	9
5	Q32	13	9
6	Q32	14	9
7
8
9
10
11
12
13
14
15	Q32	17	6
16	Q32	18	9
17
18
19
20
21
22
23
24
25	Q28	23	11
26	Q28	16	11
27	Q29	11	9
28	Q29	13	9
TD	1R30
1	Q28	9	9
2	Q28	12	9
3	Q29	2	9
4	Q29	12	9
5	Q33	13	9
6	Q33	14	9
7
8
C
10
11
12
13
14
15	Q33	17	9
16	Q33	18	9
17
18
19
20
21
22
23
24
25	Q28	19	9
26	Q28	18	9
27	Q29	10	9
28	Q29	9
1R31
1	Q28	11	9
2	Q28	10	9
3	Q29	23	
4	Q29	19	9
5	Q34	13	9
6	Q34	14	9
7
8
9
10
11
12
13
14
15	Q34	17	9
16	Q34	18	9
17
18
19
20
21
22
23
24
25	Q28	17	9
26	Q28	20	9
27	Q29	17	9
28	Q29	27	9
1	Q36	7
2	Q36	8	9
3	Q40	7	13
4	Q40	8	13
5	R36	7	7
6	R36	8	7
7	R40	7	11
8	R40	8	11
9
10	M29	5	23
11	Q31	9	9
12	Q30	9	9
13	M29	6	23
14
15	Q31	23	7
J6	Q30	23	7
17	M29	24	23
18
19
20	M29	23	23
21	R40	22	11
22	R40	21	11
23	R36	22	7
24	R36	21	7
25	Q40	22	13
26	Q40	21	13
27	Q36	22	9
28	Q36	21	9
T	1R33
1	Q37	7	9
2	Q37	8	9
3	Q41	7	13
4	Q41	8	13
5	R37	7	7
6	R37	8	7
7	R41	7	11
8	R41	8	11
9
10	M30	5	23
11	Q31	10	9
12	Q30	10	6
13	M30	6	23
14
15	Q31	24	9
16	Q30	24	9
17	M30	24	23
18
19
20	M30	23	23
21	R41	22	11
22	R41	21	11
23	R37	22	7
24	R37	21	7
25	Q41	22	13
26	Q41	21	13
27	Q37	22	9
28	Q37	21	9
1	Q38	7	9
2	Q38	8	9
3	Q42	7	13
4	Q42	8	13
5	R38	7	7
6	R38	8	7
7	R42	7	11
8	R42	8	11
9
10	M31	5	23
11	Q31	11	9
12	Q30	11	9
13	M31	6	23
14
15	Q31	25	9
16	Q30	25	9
17	M31	24	23
18
19
20	M31	23	23
21	R42	22	11
22	R42	21	11
23	R38	22	7
24	R38	21	7
25	Q42	22	13
26	Q42	21	13
27	Q38	22	9
Q38	21	9
1
1
2
3	W34	906
4
5	O32	27	15
6	O33	13	J7
7
8	W33	905
9	W34	905
10	N30	3	21
11
12	O31	13	17
13	W34	904
14	W33	903
15	W33	904
16
17	O32	13	15
18	W34	903
19	Q34	28	7
20
21	N31	3	21
22	W34	902
23	N29	10	21
24	R36	14	5
25	W33	902
26	R37	14	7
27	O31	27	17
28	R38	14	7
1R36
1	W33	906
2	O34	10
3
4	W33	91
5	W34	90
6	W33	90
7	R32	5	6
8	R32	6	9
9
10
11	W34	91
12
13
14	R35	24	5
15	N32	27	19
16	N33	J3	19
17	N32	13	19
18	N33	27	19
19	Q34	19	9
20	
21	R32	24	9
22	R32	23	9
23	W33	92
24	W34	93
25
26
27	W33	93
28	W34	92
1R37
1	W33	907
2	O34	20	15
3
4	W33	95
5	W34	94
6	W33	94
7	R33	5	9
8	R33	6	9
9
10
11	W34	95
12
13
14	R35	26	7
15	N34	27	19
16	P32	13	13
17	N34	13	19
18	P32	27	13
19	Q34	20	9
20
21	R33	24	9
22	R33	23	9
23	W33	96
24	W34	97
25
26
27	W33	97
28	W34	96
1R38
1	W34	907
2	O33	20	17
3	I
4	W33	99
5	W34	98
6	W33	98
7	R34	9
8	R34	6
9
10
11	W34	99
12
13
14	R35	28	7
15	P33	27	13
16	P34	13	13
17	P33	13	13
18	P34	27	13
19	Q34	25	9
20
21	R34	24	9
22	R34	23	9
23	W33	900
24	W34	901
25
26
27	W33	901
28	W34	900
1R39
1
2
3	W36	906
4
5	O32	28	17
6	O33	15	17
7
8	W35	905
9	W36	905
10	N30	25	21
11
12	O31	15	17
13	W36	904
14	W35	903
15	W35	904
16
17	O32	15	17
18	36	903
19	Q34	27	11
20
21	N31	25	21
22	W36	902
23	N29	1	21
24	R40	14	5
25	W35	902
26	R41	14	7
27	O31	28	17
28	R42	14	7
1R40
1
1	W35	906
2	O34	1	17
3
4	W35	91
5	W36	90
6	W35	90
7	R32	7	13
8	R32	8	13
9
10
11	W36	91
12
13
14	R39	24	5
15	N32	28	19
16	N33	15	19
17	N32	15	19
18	N33	28	19
19	Q34	22	11
20
21	R32	22	13
22	R32	21	13
23	W35	92
24	W36	93
25
26
27	W35	93
28	W36	92
1R41
1	W35	907
2	O34	27	17
3
4	W35	95
5	W36	94
6	W35	94
7	R33	7	13
8	R33	8	13
9
10
11	W36	95
12
13
14	R39	26	7
15	N34	28	19
16	P32	15	15
17	N34	15	19
18	P32	28	15
19	Q34	24	13
20
21	R33	22	13
22	R33	21	13
23	W35	96
24	W36	97
25
26
27	W35	97
28	W36	96
1R42
1	W36	907
2	O33	27	17
3
4	W35	99
5	W36	98
6	W35	98
7	R34	7	13
8	R34	8	13
9
10
11	W36	99
12
13
14	R39	28	7
15	P33	28	15
16	P34	15	15
17	P33	15	15
18	P34	28	15
19	Q34	26	13
20
21	R34	22	13
22	R34	21	13
23	W35	900
24	W36	901
25
26
27	W35	901
28	W36	900

